Time(h) Temperature  Alpha  Krate   Cp_now  Mass_cem kpozz/khyd kslag/khyd
0.000000 20.000000 -0.000000 0.759398 0.000000 0.201240 0.743166 0.759398
0.000461 20.000000 0.000068 0.759398 0.000000 0.201240 0.743166 0.759398
0.001844 20.000000 0.000383 0.759398 0.000000 0.201240 0.743166 0.759398
0.004148 20.000000 0.000685 0.759398 0.000000 0.201240 0.743166 0.759398
0.007374 20.000000 0.000927 0.759398 0.000000 0.201240 0.743166 0.759398
0.011522 20.000000 0.001209 0.759398 0.000000 0.201240 0.743166 0.759398
0.016592 20.000000 0.001520 0.759398 0.000000 0.201240 0.743166 0.759398
0.022584 20.000000 0.001842 0.759398 0.000000 0.201240 0.743166 0.759398
0.029497 20.000000 0.002144 0.759398 0.000000 0.201240 0.743166 0.759398
0.037332 20.000000 0.002754 0.759398 0.000000 0.201240 0.743166 0.759398
0.046089 20.000000 0.003380 0.759398 0.000000 0.201240 0.743166 0.759398
0.055768 20.000000 0.003987 0.759398 0.000000 0.201240 0.743166 0.759398
0.066368 20.000000 0.004293 0.759398 0.000000 0.201240 0.743166 0.759398
0.077891 20.000000 0.004577 0.759398 0.000000 0.201240 0.743166 0.759398
0.090335 20.000000 0.004875 0.759398 0.000000 0.201240 0.743166 0.759398
0.103701 20.000000 0.005203 0.759398 0.000000 0.201240 0.743166 0.759398
0.117988 20.000000 0.005509 0.759398 0.000000 0.201240 0.743166 0.759398
0.133198 20.000000 0.006038 0.759398 0.000000 0.201240 0.743166 0.759398
0.149329 20.000000 0.006311 0.759398 0.000000 0.201240 0.743166 0.759398
0.166382 20.000000 0.006897 0.759398 0.000000 0.201240 0.743166 0.759398
0.184357 20.000000 0.007167 0.759398 0.000000 0.201240 0.743166 0.759398
0.203253 20.000000 0.007486 0.759398 0.000000 0.201240 0.743166 0.759398
0.223072 20.000000 0.007794 0.759398 0.000000 0.201240 0.743166 0.759398
0.243812 20.000000 0.008125 0.759398 0.000000 0.201240 0.743166 0.759398
0.265474 20.000000 0.008418 0.759398 0.000000 0.201240 0.743166 0.759398
0.288057 20.000000 0.008726 0.759398 0.000000 0.201240 0.743166 0.759398
0.311563 20.000000 0.009056 0.759398 0.000000 0.201240 0.743166 0.759398
0.335990 20.000000 0.009702 0.759398 0.000000 0.201240 0.743166 0.759398
0.361339 20.000000 0.010256 0.759398 0.000000 0.201240 0.743166 0.759398
0.387610 20.000000 0.010777 0.759398 0.000000 0.201240 0.743166 0.759398
0.414802 20.000000 0.011100 0.759398 0.000000 0.201240 0.743166 0.759398
0.442917 20.000000 0.011417 0.759398 0.000000 0.201240 0.743166 0.759398
0.471953 20.000000 0.011742 0.759398 0.000000 0.201240 0.743166 0.759398
0.501911 20.000000 0.012061 0.759398 0.000000 0.201240 0.743166 0.759398
0.532791 20.000000 0.012337 0.759398 0.000000 0.201240 0.743166 0.759398
0.564592 20.000000 0.012617 0.759398 0.000000 0.201240 0.743166 0.759398
0.597315 20.000000 0.013190 0.759398 0.000000 0.201240 0.743166 0.759398
0.630961 20.000000 0.013476 0.759398 0.000000 0.201240 0.743166 0.759398
0.665527 20.000000 0.013840 0.759398 0.000000 0.201240 0.743166 0.759398
0.701016 20.000000 0.014214 0.759398 0.000000 0.201240 0.743166 0.759398
0.737427 20.000000 0.014548 0.759398 0.000000 0.201240 0.743166 0.759398
0.774759 20.000000 0.014924 0.759398 0.000000 0.201240 0.743166 0.759398
0.813013 20.000000 0.015255 0.759398 0.000000 0.201240 0.743166 0.759398
0.852189 20.000000 0.015558 0.759398 0.000000 0.201240 0.743166 0.759398
0.892286 20.000000 0.016250 0.759398 0.000000 0.201240 0.743166 0.759398
0.933305 20.000000 0.016595 0.759398 0.000000 0.201240 0.743166 0.759398
0.975247 20.000000 0.017218 0.759398 0.000000 0.201240 0.743166 0.759398
1.018110 20.000000 0.017529 0.759398 0.000000 0.201240 0.743166 0.759398
1.061894 20.000000 0.017873 0.759398 0.000000 0.201240 0.743166 0.759398
1.106601 20.000000 0.018557 0.759398 0.000000 0.201240 0.743166 0.759398
1.152229 20.000000 0.018913 0.759398 0.000000 0.201240 0.743166 0.759398
1.198779 20.000000 0.019284 0.759398 0.000000 0.201240 0.743166 0.759398
1.246251 20.000000 0.019623 0.759398 0.000000 0.201240 0.743166 0.759398
1.294644 20.000000 0.019948 0.759398 0.000000 0.201240 0.743166 0.759398
1.343960 20.000000 0.020596 0.759398 0.000000 0.201240 0.743166 0.759398
1.394197 20.000000 0.020962 0.759398 0.000000 0.201240 0.743166 0.759398
1.445356 20.000000 0.021370 0.759398 0.000000 0.201240 0.743166 0.759398
1.497437 20.000000 0.022052 0.759398 0.000000 0.201240 0.743166 0.759398
1.550439 20.000000 0.022710 0.759398 0.000000 0.201240 0.743166 0.759398
1.604364 20.000000 0.023117 0.759398 0.000000 0.201240 0.743166 0.759398
1.659210 20.000000 0.023553 0.759398 0.000000 0.201240 0.743166 0.759398
1.714978 20.000000 0.023934 0.759398 0.000000 0.201240 0.743166 0.759398
1.771667 20.000000 0.024228 0.759398 0.000000 0.201240 0.743166 0.759398
1.829279 20.000000 0.024686 0.759398 0.000000 0.201240 0.743166 0.759398
1.887812 20.000000 0.025002 0.759398 0.000000 0.201240 0.743166 0.759398
1.947267 20.000000 0.025437 0.759398 0.000000 0.201240 0.743166 0.759398
2.007644 20.000000 0.025719 0.759398 0.000000 0.201240 0.743166 0.759398
2.068942 20.000000 0.026117 0.759398 0.000000 0.201240 0.743166 0.759398
2.131163 20.000000 0.026375 0.759398 0.000000 0.201240 0.743166 0.759398
2.194305 20.000000 0.026678 0.759398 0.000000 0.201240 0.743166 0.759398
2.258369 20.000000 0.026959 0.759398 0.000000 0.201240 0.743166 0.759398
2.323354 20.000000 0.027313 0.759398 0.000000 0.201240 0.743166 0.759398
2.389262 20.000000 0.027760 0.759398 0.000000 0.201240 0.743166 0.759398
2.456091 20.000000 0.028131 0.759398 0.000000 0.201240 0.743166 0.759398
2.523842 20.000000 0.028603 0.759398 0.000000 0.201240 0.743166 0.759398
2.592515 20.000000 0.028914 0.759398 0.000000 0.201240 0.743166 0.759398
2.662110 20.000000 0.029346 0.759398 0.000000 0.201240 0.743166 0.759398
2.732626 20.000000 0.029843 0.759398 0.000000 0.201240 0.743166 0.759398
2.804064 20.000000 0.030282 0.759398 0.000000 0.201240 0.743166 0.759398
2.876424 20.000000 0.030739 0.759398 0.000000 0.201240 0.743166 0.759398
2.949706 20.000000 0.031249 0.759398 0.000000 0.201240 0.743166 0.759398
3.023910 20.000000 0.031713 0.759398 0.000000 0.201240 0.743166 0.759398
3.099035 20.000000 0.032143 0.759398 0.000000 0.201240 0.743166 0.759398
3.175082 20.000000 0.032589 0.759398 0.000000 0.201240 0.743166 0.759398
3.252051 20.000000 0.032936 0.759398 0.000000 0.201240 0.743166 0.759398
3.329942 20.000000 0.033445 0.759398 0.000000 0.201240 0.743166 0.759398
3.408754 20.000000 0.034000 0.759398 0.000000 0.201240 0.743166 0.759398
3.488488 20.000000 0.034549 0.759398 0.000000 0.201240 0.743166 0.759398
3.569144 20.000000 0.035110 0.759398 0.000000 0.201240 0.743166 0.759398
3.650722 20.000000 0.035689 0.759398 0.000000 0.201240 0.743166 0.759398
3.733222 20.000000 0.036280 0.759398 0.000000 0.201240 0.743166 0.759398
3.816643 20.000000 0.036906 0.759398 0.000000 0.201240 0.743166 0.759398
3.900986 20.000000 0.037468 0.759398 0.000000 0.201240 0.743166 0.759398
3.986251 20.000000 0.038063 0.759398 0.000000 0.201240 0.743166 0.759398
4.072438 20.000000 0.038665 0.759398 0.000000 0.201240 0.743166 0.759398
4.159547 20.000000 0.039281 0.759398 0.000000 0.201240 0.743166 0.759398
4.247577 20.000000 0.039942 0.759398 0.000000 0.201240 0.743166 0.759398
4.336529 20.000000 0.040663 0.759398 0.000000 0.201240 0.743166 0.759398
4.426403 20.000000 0.041351 0.759398 0.000000 0.201240 0.743166 0.759398
4.517198 20.000000 0.042004 0.759398 0.000000 0.201240 0.743166 0.759398
4.608916 20.000000 0.042621 0.759398 0.000000 0.201240 0.743166 0.759398
4.701555 20.000000 0.043235 0.759398 0.000000 0.201240 0.743166 0.759398
4.795116 20.000000 0.043916 0.759398 0.000000 0.201240 0.743166 0.759398
4.889599 20.000000 0.044631 0.759398 0.000000 0.201240 0.743166 0.759398
4.985003 20.000000 0.045386 0.759398 0.000000 0.201240 0.743166 0.759398
5.081330 20.000000 0.046155 0.759398 0.000000 0.201240 0.743166 0.759398
5.178578 20.000000 0.046930 0.759398 0.000000 0.201240 0.743166 0.759398
5.276748 20.000000 0.047780 0.759398 0.000000 0.201240 0.743166 0.759398
5.375839 20.000000 0.048523 0.759398 0.000000 0.201240 0.743166 0.759398
5.475853 20.000000 0.049410 0.759398 0.000000 0.201240 0.743166 0.759398
5.576788 20.000000 0.050266 0.759398 0.000000 0.201240 0.743166 0.759398
5.678645 20.000000 0.051119 0.759398 0.000000 0.201240 0.743166 0.759398
5.781424 20.000000 0.052009 0.759398 0.000000 0.201240 0.743166 0.759398
5.885125 20.000000 0.052983 0.759398 0.000000 0.201240 0.743166 0.759398
5.989747 20.000000 0.053902 0.759398 0.000000 0.201240 0.743166 0.759398
6.095291 20.000000 0.054843 0.759398 0.000000 0.201240 0.743166 0.759398
6.201757 20.000000 0.055863 0.759398 0.000000 0.201240 0.743166 0.759398
6.309145 20.000000 0.056945 0.759398 0.000000 0.201240 0.743166 0.759398
6.417454 20.000000 0.058065 0.759398 0.000000 0.201240 0.743166 0.759398
6.526686 20.000000 0.059277 0.759398 0.000000 0.201240 0.743166 0.759398
6.636839 20.000000 0.060537 0.759398 0.000000 0.201240 0.743166 0.759398
6.747914 20.000000 0.061947 0.759398 0.000000 0.201240 0.743166 0.759398
6.859910 20.000000 0.063259 0.759398 0.000000 0.201240 0.743166 0.759398
6.972829 20.000000 0.064558 0.759398 0.000000 0.201240 0.743166 0.759398
7.086669 20.000000 0.066114 0.759398 0.000000 0.201240 0.743166 0.759398
7.201431 20.000000 0.067693 0.759398 0.000000 0.201240 0.743166 0.759398
7.317115 20.000000 0.069412 0.759398 0.000000 0.201240 0.743166 0.759398
7.433720 20.000000 0.071034 0.759398 0.000000 0.201240 0.743166 0.759398
7.551248 20.000000 0.072817 0.759398 0.000000 0.201240 0.743166 0.759398
7.669697 20.000000 0.074690 0.759398 0.000000 0.201240 0.743166 0.759398
7.789068 20.000000 0.076706 0.759398 0.000000 0.201240 0.743166 0.759398
7.909360 20.000000 0.078872 0.759398 0.000000 0.201240 0.743166 0.759398
8.030575 20.000000 0.081094 0.759398 0.000000 0.201240 0.743166 0.759398
8.152711 20.000000 0.083547 0.759398 0.000000 0.201240 0.743166 0.759398
8.275769 20.000000 0.086175 0.759398 0.000000 0.201240 0.743166 0.759398
8.399749 20.000000 0.088750 0.759398 0.000000 0.201240 0.743166 0.759398
8.524651 20.000000 0.091343 0.759398 0.000000 0.201240 0.743166 0.759398
8.650474 20.000000 0.093895 0.759398 0.000000 0.201240 0.743166 0.759398
8.777219 20.000000 0.096394 0.759398 0.000000 0.201240 0.743166 0.759398
8.904886 20.000000 0.098972 0.759398 0.000000 0.201240 0.743166 0.759398
9.033475 20.000000 0.101397 0.759398 0.000000 0.201240 0.743166 0.759398
9.162986 20.000000 0.103958 0.759398 0.000000 0.201240 0.743166 0.759398
9.293418 20.000000 0.106378 0.759398 0.000000 0.201240 0.743166 0.759398
9.424772 20.000000 0.109011 0.759398 0.000000 0.201240 0.743166 0.759398
9.557048 20.000000 0.111428 0.759398 0.000000 0.201240 0.743166 0.759398
9.690245 20.000000 0.114093 0.759398 0.000000 0.201240 0.743166 0.759398
9.824365 20.000000 0.116468 0.759398 0.000000 0.201240 0.743166 0.759398
9.959406 20.000000 0.118851 0.759398 0.000000 0.201240 0.743166 0.759398
10.095369 20.000000 0.121217 0.759398 0.000000 0.201240 0.743166 0.759398
10.232254 20.000000 0.123722 0.759398 0.000000 0.201240 0.743166 0.759398
10.370061 20.000000 0.126203 0.759398 0.000000 0.201240 0.743166 0.759398
10.508789 20.000000 0.128670 0.759398 0.000000 0.201240 0.743166 0.759398
10.648439 20.000000 0.131097 0.759398 0.000000 0.201240 0.743166 0.759398
10.789011 20.000000 0.133501 0.759398 0.000000 0.201240 0.743166 0.759398
10.930505 20.000000 0.135843 0.759398 0.000000 0.201240 0.743166 0.759398
11.072920 20.000000 0.138264 0.759398 0.000000 0.201240 0.743166 0.759398
11.216258 20.000000 0.140650 0.759398 0.000000 0.201240 0.743166 0.759398
11.360517 20.000000 0.143014 0.759398 0.000000 0.201240 0.743166 0.759398
11.505697 20.000000 0.145353 0.759398 0.000000 0.201240 0.743166 0.759398
11.651800 20.000000 0.147621 0.759398 0.000000 0.201240 0.743166 0.759398
11.798824 20.000000 0.149885 0.759398 0.000000 0.201240 0.743166 0.759398
11.946771 20.000000 0.152110 0.759398 0.000000 0.201240 0.743166 0.759398
12.095639 20.000000 0.154357 0.759398 0.000000 0.201240 0.743166 0.759398
12.245428 20.000000 0.156517 0.759398 0.000000 0.201240 0.743166 0.759398
12.396140 20.000000 0.158778 0.759398 0.000000 0.201240 0.743166 0.759398
12.547773 20.000000 0.160998 0.759398 0.000000 0.201240 0.743166 0.759398
12.700328 20.000000 0.163273 0.759398 0.000000 0.201240 0.743166 0.759398
12.853805 20.000000 0.165542 0.759398 0.000000 0.201240 0.743166 0.759398
13.008204 20.000000 0.167627 0.759398 0.000000 0.201240 0.743166 0.759398
13.163524 20.000000 0.169760 0.759398 0.000000 0.201240 0.743166 0.759398
13.319767 20.000000 0.171855 0.759398 0.000000 0.201240 0.743166 0.759398
13.476931 20.000000 0.173991 0.759398 0.000000 0.201240 0.743166 0.759398
13.635017 20.000000 0.176167 0.759398 0.000000 0.201240 0.743166 0.759398
13.794024 20.000000 0.178253 0.759398 0.000000 0.201240 0.743166 0.759398
13.953954 20.000000 0.180299 0.759398 0.000000 0.201240 0.743166 0.759398
14.114805 20.000000 0.182287 0.759398 0.000000 0.201240 0.743166 0.759398
14.276578 20.000000 0.184429 0.759398 0.000000 0.201240 0.743166 0.759398
14.439272 20.000000 0.186438 0.759398 0.000000 0.201240 0.743166 0.759398
14.602889 20.000000 0.188505 0.759398 0.000000 0.201240 0.743166 0.759398
14.767427 20.000000 0.190607 0.759398 0.000000 0.201240 0.743166 0.759398
14.932887 20.000000 0.192631 0.759398 0.000000 0.201240 0.743166 0.759398
15.099269 20.000000 0.194712 0.759398 0.000000 0.201240 0.743166 0.759398
15.266573 20.000000 0.196780 0.759398 0.000000 0.201240 0.743166 0.759398
15.434798 20.000000 0.198750 0.759398 0.000000 0.201240 0.743166 0.759398
15.603945 20.000000 0.200727 0.759398 0.000000 0.201240 0.743166 0.759398
15.774014 20.000000 0.202736 0.759398 0.000000 0.201240 0.743166 0.759398
15.945005 20.000000 0.204739 0.759398 0.000000 0.201240 0.743166 0.759398
16.116918 20.000000 0.206547 0.759398 0.000000 0.201240 0.743166 0.759398
16.289752 20.000000 0.208407 0.759398 0.000000 0.201240 0.743166 0.759398
16.463508 20.000000 0.210325 0.759398 0.000000 0.201240 0.743166 0.759398
16.638186 20.000000 0.212192 0.759398 0.000000 0.201240 0.743166 0.759398
16.813786 20.000000 0.214139 0.759398 0.000000 0.201240 0.743166 0.759398
16.990307 20.000000 0.215962 0.759398 0.000000 0.201240 0.743166 0.759398
17.167751 20.000000 0.217790 0.759398 0.000000 0.201240 0.743166 0.759398
17.346116 20.000000 0.219782 0.759398 0.000000 0.201240 0.743166 0.759398
17.525402 20.000000 0.221674 0.759398 0.000000 0.201240 0.743166 0.759398
17.705611 20.000000 0.223531 0.759398 0.000000 0.201240 0.743166 0.759398
17.886741 20.000000 0.225446 0.759398 0.000000 0.201240 0.743166 0.759398
18.068794 20.000000 0.227214 0.759398 0.000000 0.201240 0.743166 0.759398
18.251768 20.000000 0.229029 0.759398 0.000000 0.201240 0.743166 0.759398
18.435663 20.000000 0.230903 0.759398 0.000000 0.201240 0.743166 0.759398
18.620481 20.000000 0.232737 0.759398 0.000000 0.201240 0.743166 0.759398
18.806220 20.000000 0.234585 0.759398 0.000000 0.201240 0.743166 0.759398
18.992881 20.000000 0.236429 0.759398 0.000000 0.201240 0.743166 0.759398
19.180464 20.000000 0.238302 0.759398 0.000000 0.201240 0.743166 0.759398
19.368969 20.000000 0.240179 0.759398 0.000000 0.201240 0.743166 0.759398
19.558395 20.000000 0.241916 0.759398 0.000000 0.201240 0.743166 0.759398
19.748743 20.000000 0.243526 0.759398 0.000000 0.201240 0.743166 0.759398
19.940013 20.000000 0.245266 0.759398 0.000000 0.201240 0.743166 0.759398
20.132205 20.000000 0.247004 0.759398 0.000000 0.201240 0.743166 0.759398
20.325319 20.000000 0.248799 0.759398 0.000000 0.201240 0.743166 0.759398
20.519354 20.000000 0.250540 0.759398 0.000000 0.201240 0.743166 0.759398
20.714311 20.000000 0.252288 0.759398 0.000000 0.201240 0.743166 0.759398
20.910190 20.000000 0.254056 0.759398 0.000000 0.201240 0.743166 0.759398
21.106991 20.000000 0.255737 0.759398 0.000000 0.201240 0.743166 0.759398
21.304713 20.000000 0.257585 0.759398 0.000000 0.201240 0.743166 0.759398
21.503358 20.000000 0.259242 0.759398 0.000000 0.201240 0.743166 0.759398
21.702924 20.000000 0.260916 0.759398 0.000000 0.201240 0.743166 0.759398
21.903411 20.000000 0.262584 0.759398 0.000000 0.201240 0.743166 0.759398
22.104821 20.000000 0.264310 0.759398 0.000000 0.201240 0.743166 0.759398
22.307153 20.000000 0.265978 0.759398 0.000000 0.201240 0.743166 0.759398
22.510406 20.000000 0.267696 0.759398 0.000000 0.201240 0.743166 0.759398
22.714581 20.000000 0.269384 0.759398 0.000000 0.201240 0.743166 0.759398
22.919677 20.000000 0.270970 0.759398 0.000000 0.201240 0.743166 0.759398
23.125696 20.000000 0.272600 0.759398 0.000000 0.201240 0.743166 0.759398
23.332636 20.000000 0.274262 0.759398 0.000000 0.201240 0.743166 0.759398
23.540498 20.000000 0.275802 0.759398 0.000000 0.201240 0.743166 0.759398
23.749282 20.000000 0.277465 0.759398 0.000000 0.201240 0.743166 0.759398
23.958988 20.000000 0.279021 0.759398 0.000000 0.201240 0.743166 0.759398
24.169615 20.000000 0.280552 0.759398 0.000000 0.201240 0.743166 0.759398
24.381165 20.000000 0.282189 0.759398 0.000000 0.201240 0.743166 0.759398
24.593636 20.000000 0.283713 0.759398 0.000000 0.201240 0.743166 0.759398
24.807028 20.000000 0.285261 0.759398 0.000000 0.201240 0.743166 0.759398
25.021343 20.000000 0.286816 0.759398 0.000000 0.201240 0.743166 0.759398
25.236579 20.000000 0.288329 0.759398 0.000000 0.201240 0.743166 0.759398
25.452738 20.000000 0.290010 0.759398 0.000000 0.201240 0.743166 0.759398
25.669817 20.000000 0.291579 0.759398 0.000000 0.201240 0.743166 0.759398
25.887819 20.000000 0.293102 0.759398 0.000000 0.201240 0.743166 0.759398
26.106743 20.000000 0.294538 0.759398 0.000000 0.201240 0.743166 0.759398
26.326588 20.000000 0.295989 0.759398 0.000000 0.201240 0.743166 0.759398
26.547355 20.000000 0.297505 0.759398 0.000000 0.201240 0.743166 0.759398
26.769044 20.000000 0.299030 0.759398 0.000000 0.201240 0.743166 0.759398
26.991655 20.000000 0.300440 0.759398 0.000000 0.201240 0.743166 0.759398
27.215187 20.000000 0.301915 0.759398 0.000000 0.201240 0.743166 0.759398
27.439641 20.000000 0.303336 0.759398 0.000000 0.201240 0.743166 0.759398
27.665017 20.000000 0.304701 0.759398 0.000000 0.201240 0.743166 0.759398
27.891315 20.000000 0.306232 0.759398 0.000000 0.201240 0.743166 0.759398
28.118534 20.000000 0.307669 0.759398 0.000000 0.201240 0.743166 0.759398
28.346676 20.000000 0.309115 0.759398 0.000000 0.201240 0.743166 0.759398
28.575739 20.000000 0.310682 0.759398 0.000000 0.201240 0.743166 0.759398
28.805724 20.000000 0.312148 0.759398 0.000000 0.201240 0.743166 0.759398
29.036630 20.000000 0.313471 0.759398 0.000000 0.201240 0.743166 0.759398
29.268459 20.000000 0.314867 0.759398 0.000000 0.201240 0.743166 0.759398
29.501209 20.000000 0.316338 0.759398 0.000000 0.201240 0.743166 0.759398
29.734881 20.000000 0.317739 0.759398 0.000000 0.201240 0.743166 0.759398
29.969475 20.000000 0.319124 0.759398 0.000000 0.201240 0.743166 0.759398
30.204991 20.000000 0.320510 0.759398 0.000000 0.201240 0.743166 0.759398
30.441428 20.000000 0.321832 0.759398 0.000000 0.201240 0.743166 0.759398
30.678787 20.000000 0.323221 0.759398 0.000000 0.201240 0.743166 0.759398
30.917068 20.000000 0.324633 0.759398 0.000000 0.201240 0.743166 0.759398
31.156271 20.000000 0.325879 0.759398 0.000000 0.201240 0.743166 0.759398
31.396395 20.000000 0.327213 0.759398 0.000000 0.201240 0.743166 0.759398
31.637442 20.000000 0.328570 0.759398 0.000000 0.201240 0.743166 0.759398
31.879410 20.000000 0.329939 0.759398 0.000000 0.201240 0.743166 0.759398
32.122300 20.000000 0.331345 0.759398 0.000000 0.201240 0.743166 0.759398
32.366111 20.000000 0.332608 0.759398 0.000000 0.201240 0.743166 0.759398
32.610845 20.000000 0.333890 0.759398 0.000000 0.201240 0.743166 0.759398
32.856500 20.000000 0.335255 0.759398 0.000000 0.201240 0.743166 0.759398
33.103077 20.000000 0.336611 0.759398 0.000000 0.201240 0.743166 0.759398
33.350576 20.000000 0.337900 0.759398 0.000000 0.201240 0.743166 0.759398
33.598996 20.000000 0.339264 0.759398 0.000000 0.201240 0.743166 0.759398
33.848339 20.000000 0.340462 0.759398 0.000000 0.201240 0.743166 0.759398
34.098603 20.000000 0.341770 0.759398 0.000000 0.201240 0.743166 0.759398
34.349789 20.000000 0.343053 0.759398 0.000000 0.201240 0.743166 0.759398
34.601896 20.000000 0.344368 0.759398 0.000000 0.201240 0.743166 0.759398
34.854926 20.000000 0.345679 0.759398 0.000000 0.201240 0.743166 0.759398
35.108877 20.000000 0.347029 0.759398 0.000000 0.201240 0.743166 0.759398
35.363750 20.000000 0.348274 0.759398 0.000000 0.201240 0.743166 0.759398
35.619545 20.000000 0.349562 0.759398 0.000000 0.201240 0.743166 0.759398
35.876262 20.000000 0.350831 0.759398 0.000000 0.201240 0.743166 0.759398
36.133900 20.000000 0.352120 0.759398 0.000000 0.201240 0.743166 0.759398
36.392460 20.000000 0.353362 0.759398 0.000000 0.201240 0.743166 0.759398
36.651942 20.000000 0.354567 0.759398 0.000000 0.201240 0.743166 0.759398
36.912346 20.000000 0.355817 0.759398 0.000000 0.201240 0.743166 0.759398
37.173671 20.000000 0.357084 0.759398 0.000000 0.201240 0.743166 0.759398
37.435919 20.000000 0.358339 0.759398 0.000000 0.201240 0.743166 0.759398
37.699088 20.000000 0.359476 0.759398 0.000000 0.201240 0.743166 0.759398
37.963179 20.000000 0.360675 0.759398 0.000000 0.201240 0.743166 0.759398
38.228191 20.000000 0.361881 0.759398 0.000000 0.201240 0.743166 0.759398
38.494126 20.000000 0.363103 0.759398 0.000000 0.201240 0.743166 0.759398
38.760982 20.000000 0.364292 0.759398 0.000000 0.201240 0.743166 0.759398
39.028760 20.000000 0.365537 0.759398 0.000000 0.201240 0.743166 0.759398
39.297460 20.000000 0.366699 0.759398 0.000000 0.201240 0.743166 0.759398
39.567081 20.000000 0.367856 0.759398 0.000000 0.201240 0.743166 0.759398
39.837625 20.000000 0.368990 0.759398 0.000000 0.201240 0.743166 0.759398
40.109090 20.000000 0.370182 0.759398 0.000000 0.201240 0.743166 0.759398
40.381477 20.000000 0.371325 0.759398 0.000000 0.201240 0.743166 0.759398
40.654785 20.000000 0.372488 0.759398 0.000000 0.201240 0.743166 0.759398
40.929016 20.000000 0.373610 0.759398 0.000000 0.201240 0.743166 0.759398
41.204168 20.000000 0.374802 0.759398 0.000000 0.201240 0.743166 0.759398
41.480242 20.000000 0.376591 0.759398 0.000000 0.201240 0.743166 0.759398
41.757238 20.000000 0.378546 0.759398 0.000000 0.201240 0.743166 0.759398
42.035156 20.000000 0.380284 0.759398 0.000000 0.201240 0.743166 0.759398
42.313995 20.000000 0.382139 0.759398 0.000000 0.201240 0.743166 0.759398
42.593756 20.000000 0.383948 0.759398 0.000000 0.201240 0.743166 0.759398
42.874439 20.000000 0.385831 0.759398 0.000000 0.201240 0.743166 0.759398
43.156044 20.000000 0.387589 0.759398 0.000000 0.201240 0.743166 0.759398
43.438571 20.000000 0.389465 0.759398 0.000000 0.201240 0.743166 0.759398
43.722019 20.000000 0.391160 0.759398 0.000000 0.201240 0.743166 0.759398
44.006389 20.000000 0.393028 0.759398 0.000000 0.201240 0.743166 0.759398
44.291681 20.000000 0.394831 0.759398 0.000000 0.201240 0.743166 0.759398
44.577895 20.000000 0.396632 0.759398 0.000000 0.201240 0.743166 0.759398
44.865030 20.000000 0.398431 0.759398 0.000000 0.201240 0.743166 0.759398
45.153087 20.000000 0.400095 0.759398 0.000000 0.201240 0.743166 0.759398
45.442066 20.000000 0.401877 0.759398 0.000000 0.201240 0.743166 0.759398
45.731967 20.000000 0.403643 0.759398 0.000000 0.201240 0.743166 0.759398
46.022790 20.000000 0.405397 0.759398 0.000000 0.201240 0.743166 0.759398
46.314534 20.000000 0.407078 0.759398 0.000000 0.201240 0.743166 0.759398
46.607200 20.000000 0.408688 0.759398 0.000000 0.201240 0.743166 0.759398
46.900788 20.000000 0.410350 0.759398 0.000000 0.201240 0.743166 0.759398
47.195298 20.000000 0.412191 0.759398 0.000000 0.201240 0.743166 0.759398
47.490729 20.000000 0.413908 0.759398 0.000000 0.201240 0.743166 0.759398
47.787083 20.000000 0.415682 0.759398 0.000000 0.201240 0.743166 0.759398
48.084358 20.000000 0.417246 0.759398 0.000000 0.201240 0.743166 0.759398
48.382555 20.000000 0.418809 0.759398 0.000000 0.201240 0.743166 0.759398
48.681673 20.000000 0.420305 0.759398 0.000000 0.201240 0.743166 0.759398
48.981714 20.000000 0.421974 0.759398 0.000000 0.201240 0.743166 0.759398
49.282676 20.000000 0.423594 0.759398 0.000000 0.201240 0.743166 0.759398
49.584560 20.000000 0.425158 0.759398 0.000000 0.201240 0.743166 0.759398
49.887366 20.000000 0.426814 0.759398 0.000000 0.201240 0.743166 0.759398
50.191093 20.000000 0.428342 0.759398 0.000000 0.201240 0.743166 0.759398
50.495743 20.000000 0.429877 0.759398 0.000000 0.201240 0.743166 0.759398
50.801314 20.000000 0.431352 0.759398 0.000000 0.201240 0.743166 0.759398
51.107807 20.000000 0.432833 0.759398 0.000000 0.201240 0.743166 0.759398
51.415221 20.000000 0.434244 0.759398 0.000000 0.201240 0.743166 0.759398
51.723558 20.000000 0.435843 0.759398 0.000000 0.201240 0.743166 0.759398
52.032816 20.000000 0.437318 0.759398 0.000000 0.201240 0.743166 0.759398
52.342996 20.000000 0.438926 0.759398 0.000000 0.201240 0.743166 0.759398
52.654098 20.000000 0.440475 0.759398 0.000000 0.201240 0.743166 0.759398
52.966121 20.000000 0.442053 0.759398 0.000000 0.201240 0.743166 0.759398
53.279067 20.000000 0.443517 0.759398 0.000000 0.201240 0.743166 0.759398
53.592934 20.000000 0.444956 0.759398 0.000000 0.201240 0.743166 0.759398
53.907723 20.000000 0.446393 0.759398 0.000000 0.201240 0.743166 0.759398
54.223434 20.000000 0.447821 0.759398 0.000000 0.201240 0.743166 0.759398
54.540066 20.000000 0.449239 0.759398 0.000000 0.201240 0.743166 0.759398
54.857620 20.000000 0.450643 0.759398 0.000000 0.201240 0.743166 0.759398
55.176097 20.000000 0.452138 0.759398 0.000000 0.201240 0.743166 0.759398
55.495494 20.000000 0.453518 0.759398 0.000000 0.201240 0.743166 0.759398
55.815814 20.000000 0.454845 0.759398 0.000000 0.201240 0.743166 0.759398
56.137055 20.000000 0.456230 0.759398 0.000000 0.201240 0.743166 0.759398
56.459219 20.000000 0.457646 0.759398 0.000000 0.201240 0.743166 0.759398
56.782304 20.000000 0.459149 0.759398 0.000000 0.201240 0.743166 0.759398
57.106310 20.000000 0.460537 0.759398 0.000000 0.201240 0.743166 0.759398
57.431239 20.000000 0.461795 0.759398 0.000000 0.201240 0.743166 0.759398
57.757089 20.000000 0.463105 0.759398 0.000000 0.201240 0.743166 0.759398
58.083862 20.000000 0.464432 0.759398 0.000000 0.201240 0.743166 0.759398
58.411555 20.000000 0.465887 0.759398 0.000000 0.201240 0.743166 0.759398
58.740171 20.000000 0.467188 0.759398 0.000000 0.201240 0.743166 0.759398
59.069709 20.000000 0.468505 0.759398 0.000000 0.201240 0.743166 0.759398
59.400168 20.000000 0.469859 0.759398 0.000000 0.201240 0.743166 0.759398
59.731549 20.000000 0.471154 0.759398 0.000000 0.201240 0.743166 0.759398
60.063852 20.000000 0.472436 0.759398 0.000000 0.201240 0.743166 0.759398
60.397076 20.000000 0.473761 0.759398 0.000000 0.201240 0.743166 0.759398
60.731223 20.000000 0.475116 0.759398 0.000000 0.201240 0.743166 0.759398
61.066291 20.000000 0.476347 0.759398 0.000000 0.201240 0.743166 0.759398
61.402281 20.000000 0.477641 0.759398 0.000000 0.201240 0.743166 0.759398
61.739193 20.000000 0.479015 0.759398 0.000000 0.201240 0.743166 0.759398
62.077026 20.000000 0.480264 0.759398 0.000000 0.201240 0.743166 0.759398
62.415781 20.000000 0.481469 0.759398 0.000000 0.201240 0.743166 0.759398
62.755459 20.000000 0.482702 0.759398 0.000000 0.201240 0.743166 0.759398
63.096057 20.000000 0.483926 0.759398 0.000000 0.201240 0.743166 0.759398
63.437578 20.000000 0.485168 0.759398 0.000000 0.201240 0.743166 0.759398
63.780021 20.000000 0.486385 0.759398 0.000000 0.201240 0.743166 0.759398
64.123385 20.000000 0.487582 0.759398 0.000000 0.201240 0.743166 0.759398
64.467671 20.000000 0.488814 0.759398 0.000000 0.201240 0.743166 0.759398
64.812879 20.000000 0.490033 0.759398 0.000000 0.201240 0.743166 0.759398
65.159008 20.000000 0.491278 0.759398 0.000000 0.201240 0.743166 0.759398
65.506060 20.000000 0.492554 0.759398 0.000000 0.201240 0.743166 0.759398
65.854033 20.000000 0.493591 0.759398 0.000000 0.201240 0.743166 0.759398
66.202928 20.000000 0.494809 0.759398 0.000000 0.201240 0.743166 0.759398
66.552744 20.000000 0.496040 0.759398 0.000000 0.201240 0.743166 0.759398
66.903483 20.000000 0.497133 0.759398 0.000000 0.201240 0.743166 0.759398
67.255143 20.000000 0.498298 0.759398 0.000000 0.201240 0.743166 0.759398
67.607725 20.000000 0.499460 0.759398 0.000000 0.201240 0.743166 0.759398
67.961229 20.000000 0.500600 0.759398 0.000000 0.201240 0.743166 0.759398
68.315655 20.000000 0.501774 0.759398 0.000000 0.201240 0.743166 0.759398
68.671002 20.000000 0.502884 0.759398 0.000000 0.201240 0.743166 0.759398
69.027271 20.000000 0.504023 0.759398 0.000000 0.201240 0.743166 0.759398
69.384462 20.000000 0.505116 0.759398 0.000000 0.201240 0.743166 0.759398
69.742575 20.000000 0.506248 0.759398 0.000000 0.201240 0.743166 0.759398
70.101609 20.000000 0.507362 0.759398 0.000000 0.201240 0.743166 0.759398
70.461566 20.000000 0.508513 0.759398 0.000000 0.201240 0.743166 0.759398
70.822444 20.000000 0.509529 0.759398 0.000000 0.201240 0.743166 0.759398
71.184244 20.000000 0.510722 0.759398 0.000000 0.201240 0.743166 0.759398
71.546965 20.000000 0.511740 0.759398 0.000000 0.201240 0.743166 0.759398
71.910609 20.000000 0.512789 0.759398 0.000000 0.201240 0.743166 0.759398
72.275174 20.000000 0.513824 0.759398 0.000000 0.201240 0.743166 0.759398
72.640661 20.000000 0.514854 0.759398 0.000000 0.201240 0.743166 0.759398
73.007070 20.000000 0.515938 0.759398 0.000000 0.201240 0.743166 0.759398
73.374401 20.000000 0.517005 0.759398 0.000000 0.201240 0.743166 0.759398
73.742653 20.000000 0.518074 0.759398 0.000000 0.201240 0.743166 0.759398
74.111827 20.000000 0.519100 0.759398 0.000000 0.201240 0.743166 0.759398
74.481923 20.000000 0.520252 0.759398 0.000000 0.201240 0.743166 0.759398
74.852941 20.000000 0.521279 0.759398 0.000000 0.201240 0.743166 0.759398
75.224880 20.000000 0.522292 0.759398 0.000000 0.201240 0.743166 0.759398
75.597742 20.000000 0.523301 0.759398 0.000000 0.201240 0.743166 0.759398
75.971525 20.000000 0.524366 0.759398 0.000000 0.201240 0.743166 0.759398
76.346230 20.000000 0.525470 0.759398 0.000000 0.201240 0.743166 0.759398
76.721856 20.000000 0.526474 0.759398 0.000000 0.201240 0.743166 0.759398
77.098405 20.000000 0.527449 0.759398 0.000000 0.201240 0.743166 0.759398
77.475875 20.000000 0.528428 0.759398 0.000000 0.201240 0.743166 0.759398
77.854267 20.000000 0.529459 0.759398 0.000000 0.201240 0.743166 0.759398
78.233581 20.000000 0.530459 0.759398 0.000000 0.201240 0.743166 0.759398
78.613816 20.000000 0.531506 0.759398 0.000000 0.201240 0.743166 0.759398
78.994973 20.000000 0.532471 0.759398 0.000000 0.201240 0.743166 0.759398
79.377053 20.000000 0.533523 0.759398 0.000000 0.201240 0.743166 0.759398
79.760053 20.000000 0.534492 0.759398 0.000000 0.201240 0.743166 0.759398
80.143976 20.000000 0.535506 0.759398 0.000000 0.201240 0.743166 0.759398
80.528821 20.000000 0.536421 0.759398 0.000000 0.201240 0.743166 0.759398
80.914587 20.000000 0.537386 0.759398 0.000000 0.201240 0.743166 0.759398
81.301275 20.000000 0.538339 0.759398 0.000000 0.201240 0.743166 0.759398
81.688885 20.000000 0.539296 0.759398 0.000000 0.201240 0.743166 0.759398
82.077416 20.000000 0.540283 0.759398 0.000000 0.201240 0.743166 0.759398
82.466870 20.000000 0.541211 0.759398 0.000000 0.201240 0.743166 0.759398
82.857245 20.000000 0.542142 0.759398 0.000000 0.201240 0.743166 0.759398
83.248542 20.000000 0.543047 0.759398 0.000000 0.201240 0.743166 0.759398
83.640761 20.000000 0.543999 0.759398 0.000000 0.201240 0.743166 0.759398
84.033901 20.000000 0.545012 0.759398 0.000000 0.201240 0.743166 0.759398
84.427963 20.000000 0.545954 0.759398 0.000000 0.201240 0.743166 0.759398
84.822947 20.000000 0.546832 0.759398 0.000000 0.201240 0.743166 0.759398
85.218853 20.000000 0.547793 0.759398 0.000000 0.201240 0.743166 0.759398
85.615681 20.000000 0.548713 0.759398 0.000000 0.201240 0.743166 0.759398
86.013430 20.000000 0.549512 0.759398 0.000000 0.201240 0.743166 0.759398
86.412102 20.000000 0.550443 0.759398 0.000000 0.201240 0.743166 0.759398
86.811695 20.000000 0.551288 0.759398 0.000000 0.201240 0.743166 0.759398
87.212209 20.000000 0.552215 0.759398 0.000000 0.201240 0.743166 0.759398
87.613646 20.000000 0.553141 0.759398 0.000000 0.201240 0.743166 0.759398
88.016004 20.000000 0.553949 0.759398 0.000000 0.201240 0.743166 0.759398
88.419284 20.000000 0.554888 0.759398 0.000000 0.201240 0.743166 0.759398
88.823486 20.000000 0.555705 0.759398 0.000000 0.201240 0.743166 0.759398
89.228610 20.000000 0.556592 0.759398 0.000000 0.201240 0.743166 0.759398
89.634656 20.000000 0.557472 0.759398 0.000000 0.201240 0.743166 0.759398
90.041623 20.000000 0.558295 0.759398 0.000000 0.201240 0.743166 0.759398
90.449512 20.000000 0.559098 0.759398 0.000000 0.201240 0.743166 0.759398
90.858323 20.000000 0.559968 0.759398 0.000000 0.201240 0.743166 0.759398
91.268055 20.000000 0.560824 0.759398 0.000000 0.201240 0.743166 0.759398
91.678710 20.000000 0.561704 0.759398 0.000000 0.201240 0.743166 0.759398
92.090286 20.000000 0.562616 0.759398 0.000000 0.201240 0.743166 0.759398
92.502784 20.000000 0.563477 0.759398 0.000000 0.201240 0.743166 0.759398
92.916204 20.000000 0.564289 0.759398 0.000000 0.201240 0.743166 0.759398
93.330545 20.000000 0.565201 0.759398 0.000000 0.201240 0.743166 0.759398
93.745808 20.000000 0.566123 0.759398 0.000000 0.201240 0.743166 0.759398
94.161994 20.000000 0.566922 0.759398 0.000000 0.201240 0.743166 0.759398
94.579100 20.000000 0.567711 0.759398 0.000000 0.201240 0.743166 0.759398
94.997129 20.000000 0.568537 0.759398 0.000000 0.201240 0.743166 0.759398
95.416080 20.000000 0.569361 0.759398 0.000000 0.201240 0.743166 0.759398
95.835952 20.000000 0.570152 0.759398 0.000000 0.201240 0.743166 0.759398
96.256746 20.000000 0.571018 0.759398 0.000000 0.201240 0.743166 0.759398
96.678462 20.000000 0.571882 0.759398 0.000000 0.201240 0.743166 0.759398
97.101099 20.000000 0.572682 0.759398 0.000000 0.201240 0.743166 0.759398
97.524659 20.000000 0.573498 0.759398 0.000000 0.201240 0.743166 0.759398
97.949140 20.000000 0.574338 0.759398 0.000000 0.201240 0.743166 0.759398
98.374543 20.000000 0.575096 0.759398 0.000000 0.201240 0.743166 0.759398
98.800867 20.000000 0.575895 0.759398 0.000000 0.201240 0.743166 0.759398
99.228114 20.000000 0.576652 0.759398 0.000000 0.201240 0.743166 0.759398
99.656282 20.000000 0.577410 0.759398 0.000000 0.201240 0.743166 0.759398
100.085372 20.000000 0.578168 0.759398 0.000000 0.201240 0.743166 0.759398
100.515384 20.000000 0.578967 0.759398 0.000000 0.201240 0.743166 0.759398
100.946318 20.000000 0.579798 0.759398 0.000000 0.201240 0.743166 0.759398
101.378173 20.000000 0.580577 0.759398 0.000000 0.201240 0.743166 0.759398
101.810950 20.000000 0.581293 0.759398 0.000000 0.201240 0.743166 0.759398
102.244649 20.000000 0.582066 0.759398 0.000000 0.201240 0.743166 0.759398
102.679270 20.000000 0.582831 0.759398 0.000000 0.201240 0.743166 0.759398
103.114813 20.000000 0.583597 0.759398 0.000000 0.201240 0.743166 0.759398
103.551277 20.000000 0.584311 0.759398 0.000000 0.201240 0.743166 0.759398
103.988663 20.000000 0.585066 0.759398 0.000000 0.201240 0.743166 0.759398
104.426971 20.000000 0.585795 0.759398 0.000000 0.201240 0.743166 0.759398
104.866201 20.000000 0.586518 0.759398 0.000000 0.201240 0.743166 0.759398
105.306352 20.000000 0.587207 0.759398 0.000000 0.201240 0.743166 0.759398
105.747425 20.000000 0.587917 0.759398 0.000000 0.201240 0.743166 0.759398
106.189420 20.000000 0.588627 0.759398 0.000000 0.201240 0.743166 0.759398
106.632337 20.000000 0.589328 0.759398 0.000000 0.201240 0.743166 0.759398
107.076176 20.000000 0.590092 0.759398 0.000000 0.201240 0.743166 0.759398
107.520936 20.000000 0.590796 0.759398 0.000000 0.201240 0.743166 0.759398
107.966618 20.000000 0.591508 0.759398 0.000000 0.201240 0.743166 0.759398
108.413222 20.000000 0.592174 0.759398 0.000000 0.201240 0.743166 0.759398
108.860748 20.000000 0.592832 0.759398 0.000000 0.201240 0.743166 0.759398
109.309195 20.000000 0.593519 0.759398 0.000000 0.201240 0.743166 0.759398
109.758565 20.000000 0.594263 0.759398 0.000000 0.201240 0.743166 0.759398
110.208856 20.000000 0.594976 0.759398 0.000000 0.201240 0.743166 0.759398
110.660069 20.000000 0.595735 0.759398 0.000000 0.201240 0.743166 0.759398
111.112203 20.000000 0.596471 0.759398 0.000000 0.201240 0.743166 0.759398
111.565260 20.000000 0.597103 0.759398 0.000000 0.201240 0.743166 0.759398
112.019238 20.000000 0.597772 0.759398 0.000000 0.201240 0.743166 0.759398
112.474138 20.000000 0.598475 0.759398 0.000000 0.201240 0.743166 0.759398
112.929960 20.000000 0.599132 0.759398 0.000000 0.201240 0.743166 0.759398
113.386703 20.000000 0.599794 0.759398 0.000000 0.201240 0.743166 0.759398
113.844369 20.000000 0.600516 0.759398 0.000000 0.201240 0.743166 0.759398
114.302956 20.000000 0.601260 0.759398 0.000000 0.201240 0.743166 0.759398
114.762465 20.000000 0.601943 0.759398 0.000000 0.201240 0.743166 0.759398
115.222895 20.000000 0.602678 0.759398 0.000000 0.201240 0.743166 0.759398
115.684248 20.000000 0.603486 0.759398 0.000000 0.201240 0.743166 0.759398
116.146522 20.000000 0.604158 0.759398 0.000000 0.201240 0.743166 0.759398
116.609718 20.000000 0.604874 0.759398 0.000000 0.201240 0.743166 0.759398
117.073836 20.000000 0.605543 0.759398 0.000000 0.201240 0.743166 0.759398
117.538875 20.000000 0.606188 0.759398 0.000000 0.201240 0.743166 0.759398
118.004837 20.000000 0.606805 0.759398 0.000000 0.201240 0.743166 0.759398
118.471720 20.000000 0.607519 0.759398 0.000000 0.201240 0.743166 0.759398
118.939525 20.000000 0.608170 0.759398 0.000000 0.201240 0.743166 0.759398
119.408252 20.000000 0.608896 0.759398 0.000000 0.201240 0.743166 0.759398
119.877900 20.000000 0.609594 0.759398 0.000000 0.201240 0.743166 0.759398
120.348471 20.000000 0.610240 0.759398 0.000000 0.201240 0.743166 0.759398
120.819963 20.000000 0.610835 0.759398 0.000000 0.201240 0.743166 0.759398
121.292376 20.000000 0.611523 0.759398 0.000000 0.201240 0.743166 0.759398
121.765712 20.000000 0.612220 0.759398 0.000000 0.201240 0.743166 0.759398
122.239970 20.000000 0.612808 0.759398 0.000000 0.201240 0.743166 0.759398
122.715149 20.000000 0.613398 0.759398 0.000000 0.201240 0.743166 0.759398
123.191250 20.000000 0.613982 0.759398 0.000000 0.201240 0.743166 0.759398
123.668273 20.000000 0.614647 0.759398 0.000000 0.201240 0.743166 0.759398
124.146217 20.000000 0.615274 0.759398 0.000000 0.201240 0.743166 0.759398
124.625084 20.000000 0.615871 0.759398 0.000000 0.201240 0.743166 0.759398
125.104872 20.000000 0.616529 0.759398 0.000000 0.201240 0.743166 0.759398
125.585582 20.000000 0.617188 0.759398 0.000000 0.201240 0.743166 0.759398
126.067213 20.000000 0.617820 0.759398 0.000000 0.201240 0.743166 0.759398
126.549767 20.000000 0.618450 0.759398 0.000000 0.201240 0.743166 0.759398
127.033242 20.000000 0.619049 0.759398 0.000000 0.201240 0.743166 0.759398
127.517639 20.000000 0.619660 0.759398 0.000000 0.201240 0.743166 0.759398
128.002958 20.000000 0.620287 0.759398 0.000000 0.201240 0.743166 0.759398
128.489199 20.000000 0.620845 0.759398 0.000000 0.201240 0.743166 0.759398
128.976361 20.000000 0.621409 0.759398 0.000000 0.201240 0.743166 0.759398
129.464445 20.000000 0.621997 0.759398 0.000000 0.201240 0.743166 0.759398
129.953451 20.000000 0.622591 0.759398 0.000000 0.201240 0.743166 0.759398
130.443379 20.000000 0.623226 0.759398 0.000000 0.201240 0.743166 0.759398
130.934228 20.000000 0.623825 0.759398 0.000000 0.201240 0.743166 0.759398
131.426000 20.000000 0.624503 0.759398 0.000000 0.201240 0.743166 0.759398
131.918693 20.000000 0.625056 0.759398 0.000000 0.201240 0.743166 0.759398
132.412308 20.000000 0.625713 0.759398 0.000000 0.201240 0.743166 0.759398
132.906844 20.000000 0.626313 0.759398 0.000000 0.201240 0.743166 0.759398
133.402303 20.000000 0.626902 0.759398 0.000000 0.201240 0.743166 0.759398
133.898683 20.000000 0.627495 0.759398 0.000000 0.201240 0.743166 0.759398
134.395985 20.000000 0.628066 0.759398 0.000000 0.201240 0.743166 0.759398
134.894209 20.000000 0.628656 0.759398 0.000000 0.201240 0.743166 0.759398
135.393354 20.000000 0.629246 0.759398 0.000000 0.201240 0.743166 0.759398
135.893422 20.000000 0.629838 0.759398 0.000000 0.201240 0.743166 0.759398
136.394411 20.000000 0.630465 0.759398 0.000000 0.201240 0.743166 0.759398
136.896322 20.000000 0.630951 0.759398 0.000000 0.201240 0.743166 0.759398
137.399155 20.000000 0.631507 0.759398 0.000000 0.201240 0.743166 0.759398
137.902909 20.000000 0.632090 0.759398 0.000000 0.201240 0.743166 0.759398
138.407585 20.000000 0.632713 0.759398 0.000000 0.201240 0.743166 0.759398
138.913183 20.000000 0.633262 0.759398 0.000000 0.201240 0.743166 0.759398
139.419703 20.000000 0.633808 0.759398 0.000000 0.201240 0.743166 0.759398
139.927145 20.000000 0.634387 0.759398 0.000000 0.201240 0.743166 0.759398
140.435508 20.000000 0.634908 0.759398 0.000000 0.201240 0.743166 0.759398
140.944794 20.000000 0.635481 0.759398 0.000000 0.201240 0.743166 0.759398
141.455000 20.000000 0.636014 0.759398 0.000000 0.201240 0.743166 0.759398
141.966129 20.000000 0.636610 0.759398 0.000000 0.201240 0.743166 0.759398
142.478180 20.000000 0.637138 0.759398 0.000000 0.201240 0.743166 0.759398
142.991152 20.000000 0.637689 0.759398 0.000000 0.201240 0.743166 0.759398
143.505046 20.000000 0.638285 0.759398 0.000000 0.201240 0.743166 0.759398
144.019862 20.000000 0.638843 0.759398 0.000000 0.201240 0.743166 0.759398
144.535600 20.000000 0.639378 0.759398 0.000000 0.201240 0.743166 0.759398
145.052259 20.000000 0.639927 0.759398 0.000000 0.201240 0.743166 0.759398
145.569841 20.000000 0.640532 0.759398 0.000000 0.201240 0.743166 0.759398
146.088344 20.000000 0.641038 0.759398 0.000000 0.201240 0.743166 0.759398
146.607768 20.000000 0.641564 0.759398 0.000000 0.201240 0.743166 0.759398
147.128115 20.000000 0.642108 0.759398 0.000000 0.201240 0.743166 0.759398
147.649383 20.000000 0.642652 0.759398 0.000000 0.201240 0.743166 0.759398
148.171574 20.000000 0.643117 0.759398 0.000000 0.201240 0.743166 0.759398
148.694685 20.000000 0.643666 0.759398 0.000000 0.201240 0.743166 0.759398
149.218719 20.000000 0.644158 0.759398 0.000000 0.201240 0.743166 0.759398
149.743675 20.000000 0.644706 0.759398 0.000000 0.201240 0.743166 0.759398
150.269552 20.000000 0.645261 0.759398 0.000000 0.201240 0.743166 0.759398
150.796351 20.000000 0.645774 0.759398 0.000000 0.201240 0.743166 0.759398
151.324072 20.000000 0.646393 0.759398 0.000000 0.201240 0.743166 0.759398
151.852715 20.000000 0.646885 0.759398 0.000000 0.201240 0.743166 0.759398
152.382279 20.000000 0.647443 0.759398 0.000000 0.201240 0.743166 0.759398
152.912765 20.000000 0.647960 0.759398 0.000000 0.201240 0.743166 0.759398
153.444173 20.000000 0.648476 0.759398 0.000000 0.201240 0.743166 0.759398
153.976503 20.000000 0.648993 0.759398 0.000000 0.201240 0.743166 0.759398
154.509755 20.000000 0.649465 0.759398 0.000000 0.201240 0.743166 0.759398
155.043928 20.000000 0.649959 0.759398 0.000000 0.201240 0.743166 0.759398
155.579023 20.000000 0.650492 0.759398 0.000000 0.201240 0.743166 0.759398
156.115040 20.000000 0.650960 0.759398 0.000000 0.201240 0.743166 0.759398
156.651979 20.000000 0.651471 0.759398 0.000000 0.201240 0.743166 0.759398
157.189839 20.000000 0.652058 0.759398 0.000000 0.201240 0.743166 0.759398
157.728621 20.000000 0.652567 0.759398 0.000000 0.201240 0.743166 0.759398
158.268325 20.000000 0.653091 0.759398 0.000000 0.201240 0.743166 0.759398
158.808951 20.000000 0.653600 0.759398 0.000000 0.201240 0.743166 0.759398
159.350499 20.000000 0.654128 0.759398 0.000000 0.201240 0.743166 0.759398
159.892968 20.000000 0.654587 0.759398 0.000000 0.201240 0.743166 0.759398
160.436359 20.000000 0.655059 0.759398 0.000000 0.201240 0.743166 0.759398
160.980672 20.000000 0.655510 0.759398 0.000000 0.201240 0.743166 0.759398
161.525907 20.000000 0.655913 0.759398 0.000000 0.201240 0.743166 0.759398
162.072064 20.000000 0.656368 0.759398 0.000000 0.201240 0.743166 0.759398
162.619142 20.000000 0.656853 0.759398 0.000000 0.201240 0.743166 0.759398
163.167142 20.000000 0.657345 0.759398 0.000000 0.201240 0.743166 0.759398
163.716064 20.000000 0.657778 0.759398 0.000000 0.201240 0.743166 0.759398
164.265908 20.000000 0.658215 0.759398 0.000000 0.201240 0.743166 0.759398
164.816673 20.000000 0.658686 0.759398 0.000000 0.201240 0.743166 0.759398
165.368360 20.000000 0.659149 0.759398 0.000000 0.201240 0.743166 0.759398
165.920969 20.000000 0.659594 0.759398 0.000000 0.201240 0.743166 0.759398
166.474500 20.000000 0.660070 0.759398 0.000000 0.201240 0.743166 0.759398
167.028953 20.000000 0.660589 0.759398 0.000000 0.201240 0.743166 0.759398
167.584327 20.000000 0.661007 0.759398 0.000000 0.201240 0.743166 0.759398
168.140623 20.000000 0.661509 0.759398 0.000000 0.201240 0.743166 0.759398
168.697841 20.000000 0.661955 0.759398 0.000000 0.201240 0.743166 0.759398
169.255981 20.000000 0.662407 0.759398 0.000000 0.201240 0.743166 0.759398
169.815042 20.000000 0.662884 0.759398 0.000000 0.201240 0.743166 0.759398
170.375025 20.000000 0.663371 0.759398 0.000000 0.201240 0.743166 0.759398
170.935930 20.000000 0.663819 0.759398 0.000000 0.201240 0.743166 0.759398
171.497757 20.000000 0.664257 0.759398 0.000000 0.201240 0.743166 0.759398
172.060506 20.000000 0.664735 0.759398 0.000000 0.201240 0.743166 0.759398
172.624176 20.000000 0.665173 0.759398 0.000000 0.201240 0.743166 0.759398
173.188769 20.000000 0.665644 0.759398 0.000000 0.201240 0.743166 0.759398
173.754282 20.000000 0.666103 0.759398 0.000000 0.201240 0.743166 0.759398
174.320718 20.000000 0.666527 0.759398 0.000000 0.201240 0.743166 0.759398
174.888076 20.000000 0.666996 0.759398 0.000000 0.201240 0.743166 0.759398
175.456355 20.000000 0.667493 0.759398 0.000000 0.201240 0.743166 0.759398
176.025556 20.000000 0.667925 0.759398 0.000000 0.201240 0.743166 0.759398
176.595679 20.000000 0.668336 0.759398 0.000000 0.201240 0.743166 0.759398
177.166724 20.000000 0.668791 0.759398 0.000000 0.201240 0.743166 0.759398
177.738690 20.000000 0.669270 0.759398 0.000000 0.201240 0.743166 0.759398
178.311578 20.000000 0.669754 0.759398 0.000000 0.201240 0.743166 0.759398
178.885388 20.000000 0.670239 0.759398 0.000000 0.201240 0.743166 0.759398
179.460120 20.000000 0.670664 0.759398 0.000000 0.201240 0.743166 0.759398
180.035774 20.000000 0.671145 0.759398 0.000000 0.201240 0.743166 0.759398
180.612349 20.000000 0.671575 0.759398 0.000000 0.201240 0.743166 0.759398
181.189846 20.000000 0.671980 0.759398 0.000000 0.201240 0.743166 0.759398
181.768265 20.000000 0.672428 0.759398 0.000000 0.201240 0.743166 0.759398
182.347606 20.000000 0.672899 0.759398 0.000000 0.201240 0.743166 0.759398
182.927869 20.000000 0.673350 0.759398 0.000000 0.201240 0.743166 0.759398
183.509053 20.000000 0.673814 0.759398 0.000000 0.201240 0.743166 0.759398
184.091159 20.000000 0.674260 0.759398 0.000000 0.201240 0.743166 0.759398
184.674187 20.000000 0.674741 0.759398 0.000000 0.201240 0.743166 0.759398
185.258136 20.000000 0.675224 0.759398 0.000000 0.201240 0.743166 0.759398
185.843008 20.000000 0.675643 0.759398 0.000000 0.201240 0.743166 0.759398
186.428801 20.000000 0.676089 0.759398 0.000000 0.201240 0.743166 0.759398
187.015516 20.000000 0.676517 0.759398 0.000000 0.201240 0.743166 0.759398
187.603153 20.000000 0.676986 0.759398 0.000000 0.201240 0.743166 0.759398
188.191711 20.000000 0.677447 0.759398 0.000000 0.201240 0.743166 0.759398
188.781192 20.000000 0.677858 0.759398 0.000000 0.201240 0.743166 0.759398
189.371594 20.000000 0.678285 0.759398 0.000000 0.201240 0.743166 0.759398
189.962918 20.000000 0.678737 0.759398 0.000000 0.201240 0.743166 0.759398
190.555163 20.000000 0.679146 0.759398 0.000000 0.201240 0.743166 0.759398
191.148331 20.000000 0.679588 0.759398 0.000000 0.201240 0.743166 0.759398
191.742420 20.000000 0.680038 0.759398 0.000000 0.201240 0.743166 0.759398
192.337431 20.000000 0.680446 0.759398 0.000000 0.201240 0.743166 0.759398
192.933364 20.000000 0.680917 0.759398 0.000000 0.201240 0.743166 0.759398
193.530218 20.000000 0.681289 0.759398 0.000000 0.201240 0.743166 0.759398
194.127995 20.000000 0.681723 0.759398 0.000000 0.201240 0.743166 0.759398
194.726693 20.000000 0.682185 0.759398 0.000000 0.201240 0.743166 0.759398
195.326313 20.000000 0.682597 0.759398 0.000000 0.201240 0.743166 0.759398
195.926855 20.000000 0.683057 0.759398 0.000000 0.201240 0.743166 0.759398
196.528318 20.000000 0.683529 0.759398 0.000000 0.201240 0.743166 0.759398
197.130703 20.000000 0.683959 0.759398 0.000000 0.201240 0.743166 0.759398
197.734011 20.000000 0.684345 0.759398 0.000000 0.201240 0.743166 0.759398
198.338239 20.000000 0.684773 0.759398 0.000000 0.201240 0.743166 0.759398
198.943390 20.000000 0.685171 0.759398 0.000000 0.201240 0.743166 0.759398
199.549463 20.000000 0.685578 0.759398 0.000000 0.201240 0.743166 0.759398
200.156457 20.000000 0.685946 0.759398 0.000000 0.201240 0.743166 0.759398
200.764373 20.000000 0.686391 0.759398 0.000000 0.201240 0.743166 0.759398
201.373210 20.000000 0.686750 0.759398 0.000000 0.201240 0.743166 0.759398
201.982970 20.000000 0.687190 0.759398 0.000000 0.201240 0.743166 0.759398
202.593651 20.000000 0.687598 0.759398 0.000000 0.201240 0.743166 0.759398
203.205255 20.000000 0.687976 0.759398 0.000000 0.201240 0.743166 0.759398
203.817779 20.000000 0.688360 0.759398 0.000000 0.201240 0.743166 0.759398
204.431226 20.000000 0.688754 0.759398 0.000000 0.201240 0.743166 0.759398
205.045595 20.000000 0.689108 0.759398 0.000000 0.201240 0.743166 0.759398
205.660885 20.000000 0.689465 0.759398 0.000000 0.201240 0.743166 0.759398
206.277097 20.000000 0.689939 0.759398 0.000000 0.201240 0.743166 0.759398
206.894231 20.000000 0.690245 0.759398 0.000000 0.201240 0.743166 0.759398
207.512286 20.000000 0.690674 0.759398 0.000000 0.201240 0.743166 0.759398
208.131264 20.000000 0.691061 0.759398 0.000000 0.201240 0.743166 0.759398
208.751163 20.000000 0.691419 0.759398 0.000000 0.201240 0.743166 0.759398
209.371984 20.000000 0.691814 0.759398 0.000000 0.201240 0.743166 0.759398
209.993727 20.000000 0.692141 0.759398 0.000000 0.201240 0.743166 0.759398
210.616391 20.000000 0.692523 0.759398 0.000000 0.201240 0.743166 0.759398
211.239977 20.000000 0.692882 0.759398 0.000000 0.201240 0.743166 0.759398
211.864486 20.000000 0.693217 0.759398 0.000000 0.201240 0.743166 0.759398
212.489915 20.000000 0.693570 0.759398 0.000000 0.201240 0.743166 0.759398
213.116267 20.000000 0.693944 0.759398 0.000000 0.201240 0.743166 0.759398
213.743541 20.000000 0.694245 0.759398 0.000000 0.201240 0.743166 0.759398
214.371736 20.000000 0.694605 0.759398 0.000000 0.201240 0.743166 0.759398
215.000853 20.000000 0.694959 0.759398 0.000000 0.201240 0.743166 0.759398
215.630892 20.000000 0.695320 0.759398 0.000000 0.201240 0.743166 0.759398
216.261852 20.000000 0.695630 0.759398 0.000000 0.201240 0.743166 0.759398
216.893734 20.000000 0.695988 0.759398 0.000000 0.201240 0.743166 0.759398
217.526539 20.000000 0.696354 0.759398 0.000000 0.201240 0.743166 0.759398
218.160265 20.000000 0.696704 0.759398 0.000000 0.201240 0.743166 0.759398
218.794912 20.000000 0.697058 0.759398 0.000000 0.201240 0.743166 0.759398
219.430482 20.000000 0.697390 0.759398 0.000000 0.201240 0.743166 0.759398
220.066973 20.000000 0.697689 0.759398 0.000000 0.201240 0.743166 0.759398
220.704386 20.000000 0.697971 0.759398 0.000000 0.201240 0.743166 0.759398
221.342721 20.000000 0.698318 0.759398 0.000000 0.201240 0.743166 0.759398
221.981978 20.000000 0.698634 0.759398 0.000000 0.201240 0.743166 0.759398
222.622156 20.000000 0.698924 0.759398 0.000000 0.201240 0.743166 0.759398
223.263256 20.000000 0.699265 0.759398 0.000000 0.201240 0.743166 0.759398
223.905278 20.000000 0.699568 0.759398 0.000000 0.201240 0.743166 0.759398
224.548222 20.000000 0.699907 0.759398 0.000000 0.201240 0.743166 0.759398
225.192087 20.000000 0.700231 0.759398 0.000000 0.201240 0.743166 0.759398
225.836875 20.000000 0.700603 0.759398 0.000000 0.201240 0.743166 0.759398
226.482584 20.000000 0.700910 0.759398 0.000000 0.201240 0.743166 0.759398
227.129215 20.000000 0.701260 0.759398 0.000000 0.201240 0.743166 0.759398
227.776767 20.000000 0.701528 0.759398 0.000000 0.201240 0.743166 0.759398
228.425242 20.000000 0.701777 0.759398 0.000000 0.201240 0.743166 0.759398
229.074638 20.000000 0.702065 0.759398 0.000000 0.201240 0.743166 0.759398
229.724956 20.000000 0.702362 0.759398 0.000000 0.201240 0.743166 0.759398
230.376196 20.000000 0.702677 0.759398 0.000000 0.201240 0.743166 0.759398
231.028357 20.000000 0.702994 0.759398 0.000000 0.201240 0.743166 0.759398
231.681441 20.000000 0.703302 0.759398 0.000000 0.201240 0.743166 0.759398
232.335446 20.000000 0.703629 0.759398 0.000000 0.201240 0.743166 0.759398
232.990373 20.000000 0.703905 0.759398 0.000000 0.201240 0.743166 0.759398
233.646222 20.000000 0.704195 0.759398 0.000000 0.201240 0.743166 0.759398
234.302992 20.000000 0.704480 0.759398 0.000000 0.201240 0.743166 0.759398
234.960684 20.000000 0.704776 0.759398 0.000000 0.201240 0.743166 0.759398
235.619299 20.000000 0.705010 0.759398 0.000000 0.201240 0.743166 0.759398
236.278834 20.000000 0.705287 0.759398 0.000000 0.201240 0.743166 0.759398
236.939292 20.000000 0.705553 0.759398 0.000000 0.201240 0.743166 0.759398
237.600671 20.000000 0.705799 0.759398 0.000000 0.201240 0.743166 0.759398
238.262973 20.000000 0.706070 0.759398 0.000000 0.201240 0.743166 0.759398
238.926196 20.000000 0.706356 0.759398 0.000000 0.201240 0.743166 0.759398
239.590340 20.000000 0.706626 0.759398 0.000000 0.201240 0.743166 0.759398
240.255407 20.000000 0.706914 0.759398 0.000000 0.201240 0.743166 0.759398
240.921395 20.000000 0.707178 0.759398 0.000000 0.201240 0.743166 0.759398
241.588305 20.000000 0.707450 0.759398 0.000000 0.201240 0.743166 0.759398
242.256137 20.000000 0.707754 0.759398 0.000000 0.201240 0.743166 0.759398
242.924891 20.000000 0.708052 0.759398 0.000000 0.201240 0.743166 0.759398
243.594566 20.000000 0.708318 0.759398 0.000000 0.201240 0.743166 0.759398
244.265164 20.000000 0.708601 0.759398 0.000000 0.201240 0.743166 0.759398
244.936683 20.000000 0.708838 0.759398 0.000000 0.201240 0.743166 0.759398
245.609124 20.000000 0.709162 0.759398 0.000000 0.201240 0.743166 0.759398
246.282486 20.000000 0.709458 0.759398 0.000000 0.201240 0.743166 0.759398
246.956771 20.000000 0.709744 0.759398 0.000000 0.201240 0.743166 0.759398
247.631977 20.000000 0.710029 0.759398 0.000000 0.201240 0.743166 0.759398
248.308105 20.000000 0.710299 0.759398 0.000000 0.201240 0.743166 0.759398
248.985154 20.000000 0.710513 0.759398 0.000000 0.201240 0.743166 0.759398
249.663126 20.000000 0.710778 0.759398 0.000000 0.201240 0.743166 0.759398
250.342019 20.000000 0.711057 0.759398 0.000000 0.201240 0.743166 0.759398
251.021834 20.000000 0.711374 0.759398 0.000000 0.201240 0.743166 0.759398
251.702571 20.000000 0.711600 0.759398 0.000000 0.201240 0.743166 0.759398
252.384230 20.000000 0.711863 0.759398 0.000000 0.201240 0.743166 0.759398
253.066810 20.000000 0.712128 0.759398 0.000000 0.201240 0.743166 0.759398
253.750312 20.000000 0.712367 0.759398 0.000000 0.201240 0.743166 0.759398
254.434736 20.000000 0.712636 0.759398 0.000000 0.201240 0.743166 0.759398
255.120082 20.000000 0.712872 0.759398 0.000000 0.201240 0.743166 0.759398
255.806350 20.000000 0.713090 0.759398 0.000000 0.201240 0.743166 0.759398
256.493539 20.000000 0.713356 0.759398 0.000000 0.201240 0.743166 0.759398
257.181650 20.000000 0.713573 0.759398 0.000000 0.201240 0.743166 0.759398
257.870683 20.000000 0.713835 0.759398 0.000000 0.201240 0.743166 0.759398
258.560638 20.000000 0.714052 0.759398 0.000000 0.201240 0.743166 0.759398
259.251514 20.000000 0.714309 0.759398 0.000000 0.201240 0.743166 0.759398
259.943313 20.000000 0.714564 0.759398 0.000000 0.201240 0.743166 0.759398
260.636033 20.000000 0.714777 0.759398 0.000000 0.201240 0.743166 0.759398
261.329674 20.000000 0.715019 0.759398 0.000000 0.201240 0.743166 0.759398
262.024238 20.000000 0.715239 0.759398 0.000000 0.201240 0.743166 0.759398
262.719723 20.000000 0.715478 0.759398 0.000000 0.201240 0.743166 0.759398
263.416131 20.000000 0.715678 0.759398 0.000000 0.201240 0.743166 0.759398
264.113460 20.000000 0.715906 0.759398 0.000000 0.201240 0.743166 0.759398
264.811710 20.000000 0.716123 0.759398 0.000000 0.201240 0.743166 0.759398
265.510883 20.000000 0.716358 0.759398 0.000000 0.201240 0.743166 0.759398
266.210977 20.000000 0.716603 0.759398 0.000000 0.201240 0.743166 0.759398
266.911993 20.000000 0.716830 0.759398 0.000000 0.201240 0.743166 0.759398
267.613931 20.000000 0.717080 0.759398 0.000000 0.201240 0.743166 0.759398
268.316791 20.000000 0.717289 0.759398 0.000000 0.201240 0.743166 0.759398
269.020572 20.000000 0.717541 0.759398 0.000000 0.201240 0.743166 0.759398
269.725276 20.000000 0.717738 0.759398 0.000000 0.201240 0.743166 0.759398
270.430901 20.000000 0.717955 0.759398 0.000000 0.201240 0.743166 0.759398
271.137447 20.000000 0.718161 0.759398 0.000000 0.201240 0.743166 0.759398
271.844916 20.000000 0.718415 0.759398 0.000000 0.201240 0.743166 0.759398
272.553306 20.000000 0.718651 0.759398 0.000000 0.201240 0.743166 0.759398
273.262618 20.000000 0.718856 0.759398 0.000000 0.201240 0.743166 0.759398
273.972852 20.000000 0.719068 0.759398 0.000000 0.201240 0.743166 0.759398
274.684008 20.000000 0.719305 0.759398 0.000000 0.201240 0.743166 0.759398
275.396086 20.000000 0.719526 0.759398 0.000000 0.201240 0.743166 0.759398
276.109085 20.000000 0.719742 0.759398 0.000000 0.201240 0.743166 0.759398
276.823006 20.000000 0.719940 0.759398 0.000000 0.201240 0.743166 0.759398
277.537849 20.000000 0.720156 0.759398 0.000000 0.201240 0.743166 0.759398
278.253613 20.000000 0.720347 0.759398 0.000000 0.201240 0.743166 0.759398
278.970300 20.000000 0.720573 0.759398 0.000000 0.201240 0.743166 0.759398
279.687908 20.000000 0.720805 0.759398 0.000000 0.201240 0.743166 0.759398
280.406438 20.000000 0.721019 0.759398 0.000000 0.201240 0.743166 0.759398
281.125890 20.000000 0.721222 0.759398 0.000000 0.201240 0.743166 0.759398
281.846263 20.000000 0.721464 0.759398 0.000000 0.201240 0.743166 0.759398
282.567559 20.000000 0.721695 0.759398 0.000000 0.201240 0.743166 0.759398
283.289776 20.000000 0.721919 0.759398 0.000000 0.201240 0.743166 0.759398
284.012915 20.000000 0.722121 0.759398 0.000000 0.201240 0.743166 0.759398
284.736975 20.000000 0.722317 0.759398 0.000000 0.201240 0.743166 0.759398
285.461958 20.000000 0.722508 0.759398 0.000000 0.201240 0.743166 0.759398
286.187862 20.000000 0.722730 0.759398 0.000000 0.201240 0.743166 0.759398
286.914688 20.000000 0.722907 0.759398 0.000000 0.201240 0.743166 0.759398
287.642436 20.000000 0.723112 0.759398 0.000000 0.201240 0.743166 0.759398
288.371105 20.000000 0.723260 0.759398 0.000000 0.201240 0.743166 0.759398
289.100697 20.000000 0.723457 0.759398 0.000000 0.201240 0.743166 0.759398
289.831210 20.000000 0.723652 0.759398 0.000000 0.201240 0.743166 0.759398
290.562645 20.000000 0.723866 0.759398 0.000000 0.201240 0.743166 0.759398
291.295002 20.000000 0.724063 0.759398 0.000000 0.201240 0.743166 0.759398
292.028280 20.000000 0.724262 0.759398 0.000000 0.201240 0.743166 0.759398
292.762480 20.000000 0.724442 0.759398 0.000000 0.201240 0.743166 0.759398
293.497602 20.000000 0.724623 0.759398 0.000000 0.201240 0.743166 0.759398
294.233646 20.000000 0.724808 0.759398 0.000000 0.201240 0.743166 0.759398
294.970612 20.000000 0.724986 0.759398 0.000000 0.201240 0.743166 0.759398
295.708499 20.000000 0.725172 0.759398 0.000000 0.201240 0.743166 0.759398
296.447309 20.000000 0.725332 0.759398 0.000000 0.201240 0.743166 0.759398
297.187039 20.000000 0.725502 0.759398 0.000000 0.201240 0.743166 0.759398
297.927692 20.000000 0.725713 0.759398 0.000000 0.201240 0.743166 0.759398
298.669267 20.000000 0.725889 0.759398 0.000000 0.201240 0.743166 0.759398
299.411763 20.000000 0.726082 0.759398 0.000000 0.201240 0.743166 0.759398
300.155181 20.000000 0.726239 0.759398 0.000000 0.201240 0.743166 0.759398
300.899521 20.000000 0.726438 0.759398 0.000000 0.201240 0.743166 0.759398
301.644783 20.000000 0.726664 0.759398 0.000000 0.201240 0.743166 0.759398
302.390966 20.000000 0.726805 0.759398 0.000000 0.201240 0.743166 0.759398
303.138072 20.000000 0.727002 0.759398 0.000000 0.201240 0.743166 0.759398
303.886099 20.000000 0.727211 0.759398 0.000000 0.201240 0.743166 0.759398
304.635047 20.000000 0.727402 0.759398 0.000000 0.201240 0.743166 0.759398
305.384918 20.000000 0.727540 0.759398 0.000000 0.201240 0.743166 0.759398
306.135710 20.000000 0.727719 0.759398 0.000000 0.201240 0.743166 0.759398
306.887425 20.000000 0.727877 0.759398 0.000000 0.201240 0.743166 0.759398
307.640061 20.000000 0.728060 0.759398 0.000000 0.201240 0.743166 0.759398
308.393618 20.000000 0.728244 0.759398 0.000000 0.201240 0.743166 0.759398
309.148098 20.000000 0.728439 0.759398 0.000000 0.201240 0.743166 0.759398
309.903499 20.000000 0.728653 0.759398 0.000000 0.201240 0.743166 0.759398
310.659822 20.000000 0.728804 0.759398 0.000000 0.201240 0.743166 0.759398
311.417067 20.000000 0.728970 0.759398 0.000000 0.201240 0.743166 0.759398
312.175234 20.000000 0.729203 0.759398 0.000000 0.201240 0.743166 0.759398
312.934322 20.000000 0.729330 0.759398 0.000000 0.201240 0.743166 0.759398
313.694332 20.000000 0.729536 0.759398 0.000000 0.201240 0.743166 0.759398
314.455264 20.000000 0.729709 0.759398 0.000000 0.201240 0.743166 0.759398
315.217118 20.000000 0.729862 0.759398 0.000000 0.201240 0.743166 0.759398
315.979894 20.000000 0.730060 0.759398 0.000000 0.201240 0.743166 0.759398
316.743591 20.000000 0.730199 0.759398 0.000000 0.201240 0.743166 0.759398
317.508210 20.000000 0.730379 0.759398 0.000000 0.201240 0.743166 0.759398
318.273751 20.000000 0.730595 0.759398 0.000000 0.201240 0.743166 0.759398
319.040214 20.000000 0.730761 0.759398 0.000000 0.201240 0.743166 0.759398
319.807598 20.000000 0.730931 0.759398 0.000000 0.201240 0.743166 0.759398
320.575905 20.000000 0.731085 0.759398 0.000000 0.201240 0.743166 0.759398
321.345133 20.000000 0.731224 0.759398 0.000000 0.201240 0.743166 0.759398
322.115282 20.000000 0.731381 0.759398 0.000000 0.201240 0.743166 0.759398
322.886354 20.000000 0.731526 0.759398 0.000000 0.201240 0.743166 0.759398
323.658347 20.000000 0.731692 0.759398 0.000000 0.201240 0.743166 0.759398
324.431263 20.000000 0.731847 0.759398 0.000000 0.201240 0.743166 0.759398
325.205100 20.000000 0.732014 0.759398 0.000000 0.201240 0.743166 0.759398
325.979858 20.000000 0.732179 0.759398 0.000000 0.201240 0.743166 0.759398
326.755539 20.000000 0.732336 0.759398 0.000000 0.201240 0.743166 0.759398
327.532141 20.000000 0.732501 0.759398 0.000000 0.201240 0.743166 0.759398
328.309665 20.000000 0.732669 0.759398 0.000000 0.201240 0.743166 0.759398
329.088111 20.000000 0.732818 0.759398 0.000000 0.201240 0.743166 0.759398
329.867479 20.000000 0.732991 0.759398 0.000000 0.201240 0.743166 0.759398
330.647768 20.000000 0.733147 0.759398 0.000000 0.201240 0.743166 0.759398
331.428980 20.000000 0.733290 0.759398 0.000000 0.201240 0.743166 0.759398
332.211113 20.000000 0.733452 0.759398 0.000000 0.201240 0.743166 0.759398
332.994167 20.000000 0.733646 0.759398 0.000000 0.201240 0.743166 0.759398
333.778144 20.000000 0.733803 0.759398 0.000000 0.201240 0.743166 0.759398
334.563042 20.000000 0.733962 0.759398 0.000000 0.201240 0.743166 0.759398
335.348862 20.000000 0.734118 0.759398 0.000000 0.201240 0.743166 0.759398
336.135604 20.000000 0.734274 0.759398 0.000000 0.201240 0.743166 0.759398
336.923268 20.000000 0.734447 0.759398 0.000000 0.201240 0.743166 0.759398
337.711854 20.000000 0.734613 0.759398 0.000000 0.201240 0.743166 0.759398
338.501361 20.000000 0.734798 0.759398 0.000000 0.201240 0.743166 0.759398
339.291790 20.000000 0.734936 0.759398 0.000000 0.201240 0.743166 0.759398
340.083141 20.000000 0.735078 0.759398 0.000000 0.201240 0.743166 0.759398
340.875413 20.000000 0.735221 0.759398 0.000000 0.201240 0.743166 0.759398
341.668608 20.000000 0.735384 0.759398 0.000000 0.201240 0.743166 0.759398
342.462724 20.000000 0.735522 0.759398 0.000000 0.201240 0.743166 0.759398
343.257762 20.000000 0.735724 0.759398 0.000000 0.201240 0.743166 0.759398
344.053722 20.000000 0.735907 0.759398 0.000000 0.201240 0.743166 0.759398
344.850603 20.000000 0.736060 0.759398 0.000000 0.201240 0.743166 0.759398
345.648407 20.000000 0.736210 0.759398 0.000000 0.201240 0.743166 0.759398
346.447132 20.000000 0.736349 0.759398 0.000000 0.201240 0.743166 0.759398
347.246779 20.000000 0.736481 0.759398 0.000000 0.201240 0.743166 0.759398
348.047347 20.000000 0.736624 0.759398 0.000000 0.201240 0.743166 0.759398
348.848838 20.000000 0.736768 0.759398 0.000000 0.201240 0.743166 0.759398
349.651250 20.000000 0.736947 0.759398 0.000000 0.201240 0.743166 0.759398
350.454584 20.000000 0.737089 0.759398 0.000000 0.201240 0.743166 0.759398
351.258840 20.000000 0.737250 0.759398 0.000000 0.201240 0.743166 0.759398
352.064017 20.000000 0.737388 0.759398 0.000000 0.201240 0.743166 0.759398
352.870117 20.000000 0.737551 0.759398 0.000000 0.201240 0.743166 0.759398
353.677138 20.000000 0.737705 0.759398 0.000000 0.201240 0.743166 0.759398
354.485081 20.000000 0.737837 0.759398 0.000000 0.201240 0.743166 0.759398
355.293946 20.000000 0.737970 0.759398 0.000000 0.201240 0.743166 0.759398
356.103732 20.000000 0.738144 0.759398 0.000000 0.201240 0.743166 0.759398
356.914440 20.000000 0.738291 0.759398 0.000000 0.201240 0.743166 0.759398
357.726070 20.000000 0.738457 0.759398 0.000000 0.201240 0.743166 0.759398
358.538622 20.000000 0.738618 0.759398 0.000000 0.201240 0.743166 0.759398
359.352096 20.000000 0.738723 0.759398 0.000000 0.201240 0.743166 0.759398
360.166491 20.000000 0.738882 0.759398 0.000000 0.201240 0.743166 0.759398
360.981809 20.000000 0.739026 0.759398 0.000000 0.201240 0.743166 0.759398
361.798048 20.000000 0.739210 0.759398 0.000000 0.201240 0.743166 0.759398
362.615208 20.000000 0.739365 0.759398 0.000000 0.201240 0.743166 0.759398
363.433291 20.000000 0.739490 0.759398 0.000000 0.201240 0.743166 0.759398
364.252295 20.000000 0.739607 0.759398 0.000000 0.201240 0.743166 0.759398
365.072221 20.000000 0.739774 0.759398 0.000000 0.201240 0.743166 0.759398
365.893069 20.000000 0.739953 0.759398 0.000000 0.201240 0.743166 0.759398
366.714839 20.000000 0.740085 0.759398 0.000000 0.201240 0.743166 0.759398
367.537530 20.000000 0.740219 0.759398 0.000000 0.201240 0.743166 0.759398
368.361144 20.000000 0.740376 0.759398 0.000000 0.201240 0.743166 0.759398
369.185679 20.000000 0.740490 0.759398 0.000000 0.201240 0.743166 0.759398
370.011136 20.000000 0.740618 0.759398 0.000000 0.201240 0.743166 0.759398
370.837514 20.000000 0.740742 0.759398 0.000000 0.201240 0.743166 0.759398
371.664815 20.000000 0.740883 0.759398 0.000000 0.201240 0.743166 0.759398
372.493037 20.000000 0.741047 0.759398 0.000000 0.201240 0.743166 0.759398
373.322181 20.000000 0.741170 0.759398 0.000000 0.201240 0.743166 0.759398
374.152246 20.000000 0.741309 0.759398 0.000000 0.201240 0.743166 0.759398
374.983234 20.000000 0.741441 0.759398 0.000000 0.201240 0.743166 0.759398
375.815143 20.000000 0.741572 0.759398 0.000000 0.201240 0.743166 0.759398
376.647974 20.000000 0.741720 0.759398 0.000000 0.201240 0.743166 0.759398
377.481727 20.000000 0.741830 0.759398 0.000000 0.201240 0.743166 0.759398
378.316402 20.000000 0.741979 0.759398 0.000000 0.201240 0.743166 0.759398
379.151998 20.000000 0.742155 0.759398 0.000000 0.201240 0.743166 0.759398
379.988516 20.000000 0.742256 0.759398 0.000000 0.201240 0.743166 0.759398
380.825956 20.000000 0.742352 0.759398 0.000000 0.201240 0.743166 0.759398
381.664318 20.000000 0.742484 0.759398 0.000000 0.201240 0.743166 0.759398
382.503602 20.000000 0.742605 0.759398 0.000000 0.201240 0.743166 0.759398
383.343807 20.000000 0.742729 0.759398 0.000000 0.201240 0.743166 0.759398
384.184934 20.000000 0.742892 0.759398 0.000000 0.201240 0.743166 0.759398
385.026983 20.000000 0.743059 0.759398 0.000000 0.201240 0.743166 0.759398
385.869954 20.000000 0.743171 0.759398 0.000000 0.201240 0.743166 0.759398
386.713846 20.000000 0.743301 0.759398 0.000000 0.201240 0.743166 0.759398
387.558661 20.000000 0.743420 0.759398 0.000000 0.201240 0.743166 0.759398
388.404397 20.000000 0.743542 0.759398 0.000000 0.201240 0.743166 0.759398
389.251055 20.000000 0.743693 0.759398 0.000000 0.201240 0.743166 0.759398
390.098634 20.000000 0.743811 0.759398 0.000000 0.201240 0.743166 0.759398
390.947136 20.000000 0.743951 0.759398 0.000000 0.201240 0.743166 0.759398
391.796559 20.000000 0.744108 0.759398 0.000000 0.201240 0.743166 0.759398
392.646904 20.000000 0.744223 0.759398 0.000000 0.201240 0.743166 0.759398
393.498171 20.000000 0.744357 0.759398 0.000000 0.201240 0.743166 0.759398
394.350359 20.000000 0.744502 0.759398 0.000000 0.201240 0.743166 0.759398
395.203469 20.000000 0.744642 0.759398 0.000000 0.201240 0.743166 0.759398
396.057501 20.000000 0.744793 0.759398 0.000000 0.201240 0.743166 0.759398
396.912455 20.000000 0.744916 0.759398 0.000000 0.201240 0.743166 0.759398
397.768331 20.000000 0.745038 0.759398 0.000000 0.201240 0.743166 0.759398
398.625128 20.000000 0.745148 0.759398 0.000000 0.201240 0.743166 0.759398
399.482848 20.000000 0.745278 0.759398 0.000000 0.201240 0.743166 0.759398
400.341489 20.000000 0.745397 0.759398 0.000000 0.201240 0.743166 0.759398
401.201052 20.000000 0.745506 0.759398 0.000000 0.201240 0.743166 0.759398
402.061536 20.000000 0.745649 0.759398 0.000000 0.201240 0.743166 0.759398
402.922942 20.000000 0.745783 0.759398 0.000000 0.201240 0.743166 0.759398
403.785271 20.000000 0.745922 0.759398 0.000000 0.201240 0.743166 0.759398
404.648521 20.000000 0.746023 0.759398 0.000000 0.201240 0.743166 0.759398
405.512692 20.000000 0.746139 0.759398 0.000000 0.201240 0.743166 0.759398
406.377786 20.000000 0.746271 0.759398 0.000000 0.201240 0.743166 0.759398
407.243801 20.000000 0.746366 0.759398 0.000000 0.201240 0.743166 0.759398
408.110738 20.000000 0.746477 0.759398 0.000000 0.201240 0.743166 0.759398
408.978597 20.000000 0.746622 0.759398 0.000000 0.201240 0.743166 0.759398
409.847378 20.000000 0.746742 0.759398 0.000000 0.201240 0.743166 0.759398
410.717080 20.000000 0.746869 0.759398 0.000000 0.201240 0.743166 0.759398
411.587704 20.000000 0.746985 0.759398 0.000000 0.201240 0.743166 0.759398
412.459250 20.000000 0.747110 0.759398 0.000000 0.201240 0.743166 0.759398
413.331718 20.000000 0.747231 0.759398 0.000000 0.201240 0.743166 0.759398
414.205107 20.000000 0.747322 0.759398 0.000000 0.201240 0.743166 0.759398
415.079419 20.000000 0.747428 0.759398 0.000000 0.201240 0.743166 0.759398
415.954652 20.000000 0.747558 0.759398 0.000000 0.201240 0.743166 0.759398
416.830807 20.000000 0.747662 0.759398 0.000000 0.201240 0.743166 0.759398
417.707883 20.000000 0.747783 0.759398 0.000000 0.201240 0.743166 0.759398
418.585882 20.000000 0.747936 0.759398 0.000000 0.201240 0.743166 0.759398
419.464802 20.000000 0.748045 0.759398 0.000000 0.201240 0.743166 0.759398
420.344644 20.000000 0.748152 0.759398 0.000000 0.201240 0.743166 0.759398
421.225408 20.000000 0.748271 0.759398 0.000000 0.201240 0.743166 0.759398
422.107094 20.000000 0.748376 0.759398 0.000000 0.201240 0.743166 0.759398
422.989701 20.000000 0.748483 0.759398 0.000000 0.201240 0.743166 0.759398
423.873230 20.000000 0.748617 0.759398 0.000000 0.201240 0.743166 0.759398
424.757681 20.000000 0.748718 0.759398 0.000000 0.201240 0.743166 0.759398
425.643054 20.000000 0.748828 0.759398 0.000000 0.201240 0.743166 0.759398
426.529348 20.000000 0.748959 0.759398 0.000000 0.201240 0.743166 0.759398
427.416565 20.000000 0.749072 0.759398 0.000000 0.201240 0.743166 0.759398
428.304703 20.000000 0.749201 0.759398 0.000000 0.201240 0.743166 0.759398
429.193763 20.000000 0.749298 0.759398 0.000000 0.201240 0.743166 0.759398
430.083744 20.000000 0.749427 0.759398 0.000000 0.201240 0.743166 0.759398
430.974648 20.000000 0.749530 0.759398 0.000000 0.201240 0.743166 0.759398
431.866473 20.000000 0.749633 0.759398 0.000000 0.201240 0.743166 0.759398
432.759220 20.000000 0.749736 0.759398 0.000000 0.201240 0.743166 0.759398
433.652889 20.000000 0.749821 0.759398 0.000000 0.201240 0.743166 0.759398
434.547479 20.000000 0.749952 0.759398 0.000000 0.201240 0.743166 0.759398
435.442992 20.000000 0.750031 0.759398 0.000000 0.201240 0.743166 0.759398
436.339426 20.000000 0.750155 0.759398 0.000000 0.201240 0.743166 0.759398
437.236782 20.000000 0.750249 0.759398 0.000000 0.201240 0.743166 0.759398
438.135059 20.000000 0.750355 0.759398 0.000000 0.201240 0.743166 0.759398
439.034259 20.000000 0.750448 0.759398 0.000000 0.201240 0.743166 0.759398
439.934380 20.000000 0.750568 0.759398 0.000000 0.201240 0.743166 0.759398
440.835423 20.000000 0.750671 0.759398 0.000000 0.201240 0.743166 0.759398
441.737388 20.000000 0.750767 0.759398 0.000000 0.201240 0.743166 0.759398
442.640274 20.000000 0.750889 0.759398 0.000000 0.201240 0.743166 0.759398
443.544083 20.000000 0.751026 0.759398 0.000000 0.201240 0.743166 0.759398
444.448813 20.000000 0.751126 0.759398 0.000000 0.201240 0.743166 0.759398
445.354465 20.000000 0.751228 0.759398 0.000000 0.201240 0.743166 0.759398
446.261039 20.000000 0.751326 0.759398 0.000000 0.201240 0.743166 0.759398
447.168534 20.000000 0.751421 0.759398 0.000000 0.201240 0.743166 0.759398
448.076952 20.000000 0.751566 0.759398 0.000000 0.201240 0.743166 0.759398
448.986291 20.000000 0.751660 0.759398 0.000000 0.201240 0.743166 0.759398
449.896552 20.000000 0.751749 0.759398 0.000000 0.201240 0.743166 0.759398
450.807734 20.000000 0.751828 0.759398 0.000000 0.201240 0.743166 0.759398
451.719839 20.000000 0.751942 0.759398 0.000000 0.201240 0.743166 0.759398
452.632865 20.000000 0.752042 0.759398 0.000000 0.201240 0.743166 0.759398
453.546813 20.000000 0.752150 0.759398 0.000000 0.201240 0.743166 0.759398
454.461683 20.000000 0.752240 0.759398 0.000000 0.201240 0.743166 0.759398
455.377474 20.000000 0.752330 0.759398 0.000000 0.201240 0.743166 0.759398
456.294188 20.000000 0.752435 0.759398 0.000000 0.201240 0.743166 0.759398
457.211823 20.000000 0.752560 0.759398 0.000000 0.201240 0.743166 0.759398
458.130380 20.000000 0.752669 0.759398 0.000000 0.201240 0.743166 0.759398
459.049858 20.000000 0.752741 0.759398 0.000000 0.201240 0.743166 0.759398
459.970259 20.000000 0.752814 0.759398 0.000000 0.201240 0.743166 0.759398
460.891581 20.000000 0.752927 0.759398 0.000000 0.201240 0.743166 0.759398
