Cycle  time(h) alpha_mass  Chemical shrinkage (ml/g cement)
0 0.000000 -0.000000 0.000000
1 0.000461 0.000068 0.000002
2 0.001844 0.000383 -0.000006
3 0.004148 0.000685 -0.000012
4 0.007374 0.000927 -0.000013
5 0.011522 0.001209 -0.000021
6 0.016592 0.001520 -0.000025
7 0.022584 0.001842 -0.000028
8 0.029497 0.002144 -0.000028
9 0.037332 0.002754 -0.000033
10 0.046089 0.003380 -0.000038
11 0.055768 0.003987 -0.000047
12 0.066368 0.004293 -0.000045
13 0.077891 0.004577 -0.000047
14 0.090335 0.004875 -0.000047
15 0.103701 0.005203 -0.000047
16 0.117988 0.005509 -0.000042
17 0.133198 0.006038 -0.000046
18 0.149329 0.006311 -0.000029
19 0.166382 0.006897 -0.000026
20 0.184357 0.007167 -0.000019
21 0.203253 0.007486 -0.000018
22 0.223072 0.007794 -0.000006
23 0.243812 0.008125 0.000003
24 0.265474 0.008418 0.000020
25 0.288057 0.008726 0.000033
26 0.311563 0.009056 0.000054
27 0.335990 0.009702 0.000073
28 0.361339 0.010256 0.000102
29 0.387610 0.010777 0.000126
30 0.414802 0.011100 0.000147
31 0.442917 0.011417 0.000170
32 0.471953 0.011742 0.000205
33 0.501911 0.012061 0.000234
34 0.532791 0.012337 0.000268
35 0.564592 0.012617 0.000303
36 0.597315 0.013190 0.000332
37 0.630961 0.013476 0.000372
38 0.665527 0.013840 0.000406
39 0.701016 0.014214 0.000446
40 0.737427 0.014548 0.000484
41 0.774759 0.014924 0.000518
42 0.813013 0.015255 0.000552
43 0.852189 0.015558 0.000585
44 0.892286 0.016250 0.000618
45 0.933305 0.016595 0.000648
46 0.975247 0.017218 0.000678
47 1.018110 0.017529 0.000709
48 1.061894 0.017873 0.000744
49 1.106601 0.018557 0.000761
50 1.152229 0.018913 0.000796
51 1.198779 0.019284 0.000833
52 1.246251 0.019623 0.000864
53 1.294644 0.019948 0.000905
54 1.343960 0.020596 0.000927
55 1.394197 0.020962 0.000953
56 1.445356 0.021370 0.000984
57 1.497437 0.022052 0.001019
58 1.550439 0.022710 0.001053
59 1.604364 0.023117 0.001082
60 1.659210 0.023553 0.001110
61 1.714978 0.023934 0.001147
62 1.771667 0.024228 0.001179
63 1.829279 0.024686 0.001208
64 1.887812 0.025002 0.001237
65 1.947267 0.025437 0.001270
66 2.007644 0.025719 0.001300
67 2.068942 0.026117 0.001327
68 2.131163 0.026375 0.001352
69 2.194305 0.026678 0.001383
70 2.258369 0.026959 0.001418
71 2.323354 0.027313 0.001449
72 2.389262 0.027760 0.001479
73 2.456091 0.028131 0.001508
74 2.523842 0.028603 0.001540
75 2.592515 0.028914 0.001578
76 2.662110 0.029346 0.001609
77 2.732626 0.029843 0.001629
78 2.804064 0.030282 0.001665
79 2.876424 0.030739 0.001700
80 2.949706 0.031249 0.001732
81 3.023910 0.031713 0.001763
82 3.099035 0.032143 0.001800
83 3.175082 0.032589 0.001838
84 3.252051 0.032936 0.001876
85 3.329942 0.033445 0.001919
86 3.408754 0.034000 0.001968
87 3.488488 0.034549 0.002010
88 3.569144 0.035110 0.002055
89 3.650722 0.035689 0.002095
90 3.733222 0.036280 0.002136
91 3.816643 0.036906 0.002182
92 3.900986 0.037468 0.002225
93 3.986251 0.038063 0.002278
94 4.072438 0.038665 0.002336
95 4.159547 0.039281 0.002392
96 4.247577 0.039942 0.002454
97 4.336529 0.040663 0.002510
98 4.426403 0.041351 0.002578
99 4.517198 0.042004 0.002634
100 4.608916 0.042621 0.002692
101 4.701555 0.043235 0.002754
102 4.795116 0.043916 0.002824
103 4.889599 0.044631 0.002905
104 4.985003 0.045386 0.002971
105 5.081330 0.046155 0.003042
106 5.178578 0.046930 0.003110
107 5.276748 0.047780 0.003186
108 5.375839 0.048523 0.003257
109 5.475853 0.049410 0.003345
110 5.576788 0.050266 0.003416
111 5.678645 0.051119 0.003501
112 5.781424 0.052009 0.003592
113 5.885125 0.052983 0.003673
114 5.989747 0.053902 0.003763
115 6.095291 0.054843 0.003849
116 6.201757 0.055863 0.003940
117 6.309145 0.056945 0.004038
118 6.417454 0.058065 0.004132
119 6.526686 0.059277 0.004242
120 6.636839 0.060537 0.004346
121 6.747914 0.061947 0.004469
122 6.859910 0.063259 0.004582
123 6.972829 0.064558 0.004718
124 7.086669 0.066114 0.004853
125 7.201431 0.067693 0.004978
126 7.317115 0.069412 0.005122
127 7.433720 0.071034 0.005278
128 7.551248 0.072817 0.005425
129 7.669697 0.074690 0.005580
130 7.789068 0.076706 0.005735
131 7.909360 0.078872 0.005907
132 8.030575 0.081094 0.006099
133 8.152711 0.083547 0.006278
134 8.275769 0.086175 0.006462
135 8.399749 0.088750 0.006656
136 8.524651 0.091343 0.006876
137 8.650474 0.093895 0.007093
138 8.777219 0.096394 0.007322
139 8.904886 0.098972 0.007554
140 9.033475 0.101397 0.007777
141 9.162986 0.103958 0.008000
142 9.293418 0.106378 0.008207
143 9.424772 0.109011 0.008437
144 9.557048 0.111428 0.008665
145 9.690245 0.114093 0.008893
146 9.824365 0.116468 0.009116
147 9.959406 0.118851 0.009332
148 10.095369 0.121217 0.009568
149 10.232254 0.123722 0.009784
150 10.370061 0.126203 0.010013
151 10.508789 0.128670 0.010235
152 10.648439 0.131097 0.010473
153 10.789011 0.133501 0.010682
154 10.930505 0.135843 0.010892
155 11.072920 0.138264 0.011106
156 11.216258 0.140650 0.011310
157 11.360517 0.143014 0.011503
158 11.505697 0.145353 0.011722
159 11.651800 0.147621 0.011942
160 11.798824 0.149885 0.012153
161 11.946771 0.152110 0.012366
162 12.095639 0.154357 0.012576
163 12.245428 0.156517 0.012766
164 12.396140 0.158778 0.012961
165 12.547773 0.160998 0.013146
166 12.700328 0.163273 0.013345
167 12.853805 0.165542 0.013561
168 13.008204 0.167627 0.013740
169 13.163524 0.169760 0.013924
170 13.319767 0.171855 0.014115
171 13.476931 0.173991 0.014299
172 13.635017 0.176167 0.014495
173 13.794024 0.178253 0.014676
174 13.953954 0.180299 0.014855
175 14.114805 0.182287 0.015023
176 14.276578 0.184429 0.015189
177 14.439272 0.186438 0.015373
178 14.602889 0.188505 0.015560
179 14.767427 0.190607 0.015728
180 14.932887 0.192631 0.015896
181 15.099269 0.194712 0.016068
182 15.266573 0.196780 0.016241
183 15.434798 0.198750 0.016405
184 15.603945 0.200727 0.016591
185 15.774014 0.202736 0.016759
186 15.945005 0.204739 0.016933
187 16.116918 0.206547 0.017091
188 16.289752 0.208407 0.017263
189 16.463508 0.210325 0.017421
190 16.638186 0.212192 0.017589
191 16.813786 0.214139 0.017751
192 16.990307 0.215962 0.017914
193 17.167751 0.217790 0.018061
194 17.346116 0.219782 0.018236
195 17.525402 0.221674 0.018393
196 17.705611 0.223531 0.018548
197 17.886741 0.225446 0.018696
198 18.068794 0.227214 0.018838
199 18.251768 0.229029 0.018991
200 18.435663 0.230903 0.019152
201 18.620481 0.232737 0.019313
202 18.806220 0.234585 0.019468
203 18.992881 0.236429 0.019626
204 19.180464 0.238302 0.019783
205 19.368969 0.240179 0.019948
206 19.558395 0.241916 0.020078
207 19.748743 0.243526 0.020219
208 19.940013 0.245266 0.020351
209 20.132205 0.247004 0.020499
210 20.325319 0.248799 0.020652
211 20.519354 0.250540 0.020785
212 20.714311 0.252288 0.020929
213 20.910190 0.254056 0.021076
214 21.106991 0.255737 0.021213
215 21.304713 0.257585 0.021356
216 21.503358 0.259242 0.021492
217 21.702924 0.260916 0.021641
218 21.903411 0.262584 0.021772
219 22.104821 0.264310 0.021907
220 22.307153 0.265978 0.022054
221 22.510406 0.267696 0.022203
222 22.714581 0.269384 0.022344
223 22.919677 0.270970 0.022482
224 23.125696 0.272600 0.022625
225 23.332636 0.274262 0.022766
226 23.540498 0.275802 0.022899
227 23.749282 0.277465 0.023028
228 23.958988 0.279021 0.023163
229 24.169615 0.280552 0.023281
230 24.381165 0.282189 0.023400
231 24.593636 0.283713 0.023519
232 24.807028 0.285261 0.023642
233 25.021343 0.286816 0.023772
234 25.236579 0.288329 0.023891
235 25.452738 0.290010 0.024033
236 25.669817 0.291579 0.024155
237 25.887819 0.293102 0.024270
238 26.106743 0.294538 0.024387
239 26.326588 0.295989 0.024511
240 26.547355 0.297505 0.024629
241 26.769044 0.299030 0.024751
242 26.991655 0.300440 0.024856
243 27.215187 0.301915 0.024975
244 27.439641 0.303336 0.025079
245 27.665017 0.304701 0.025184
246 27.891315 0.306232 0.025300
247 28.118534 0.307669 0.025419
248 28.346676 0.309115 0.025533
249 28.575739 0.310682 0.025656
250 28.805724 0.312148 0.025778
251 29.036630 0.313471 0.025884
252 29.268459 0.314867 0.025999
253 29.501209 0.316338 0.026123
254 29.734881 0.317739 0.026226
255 29.969475 0.319124 0.026337
256 30.204991 0.320510 0.026440
257 30.441428 0.321832 0.026545
258 30.678787 0.323221 0.026656
259 30.917068 0.324633 0.026770
260 31.156271 0.325879 0.026872
261 31.396395 0.327213 0.026977
262 31.637442 0.328570 0.027084
263 31.879410 0.329939 0.027179
264 32.122300 0.331345 0.027280
265 32.366111 0.332608 0.027381
266 32.610845 0.333890 0.027481
267 32.856500 0.335255 0.027590
268 33.103077 0.336611 0.027684
269 33.350576 0.337900 0.027778
270 33.598996 0.339264 0.027876
271 33.848339 0.340462 0.027988
272 34.098603 0.341770 0.028081
273 34.349789 0.343053 0.028177
274 34.601896 0.344368 0.028279
275 34.854926 0.345679 0.028380
276 35.108877 0.347029 0.028483
277 35.363750 0.348274 0.028571
278 35.619545 0.349562 0.028666
279 35.876262 0.350831 0.028761
280 36.133900 0.352120 0.028857
281 36.392460 0.353362 0.028945
282 36.651942 0.354567 0.029032
283 36.912346 0.355817 0.029126
284 37.173671 0.357084 0.029218
285 37.435919 0.358339 0.029324
286 37.699088 0.359476 0.029411
287 37.963179 0.360675 0.029489
288 38.228191 0.361881 0.029573
289 38.494126 0.363103 0.029663
290 38.760982 0.364292 0.029753
291 39.028760 0.365537 0.029867
292 39.297460 0.366699 0.029953
293 39.567081 0.367856 0.030045
294 39.837625 0.368990 0.030125
295 40.109090 0.370182 0.030212
296 40.381477 0.371325 0.030300
297 40.654785 0.372488 0.030392
298 40.929016 0.373610 0.030463
299 41.204168 0.374802 0.030559
300 41.480242 0.376591 0.030682
301 41.757238 0.378546 0.030828
302 42.035156 0.380284 0.030945
303 42.313995 0.382139 0.031075
304 42.593756 0.383948 0.031208
305 42.874439 0.385831 0.031337
306 43.156044 0.387589 0.031444
307 43.438571 0.389465 0.031575
308 43.722019 0.391160 0.031693
309 44.006389 0.393028 0.031823
310 44.291681 0.394831 0.031943
311 44.577895 0.396632 0.032075
312 44.865030 0.398431 0.032215
313 45.153087 0.400095 0.032335
314 45.442066 0.401877 0.032464
315 45.731967 0.403643 0.032587
316 46.022790 0.405397 0.032718
317 46.314534 0.407078 0.032823
318 46.607200 0.408688 0.032945
319 46.900788 0.410350 0.033058
320 47.195298 0.412191 0.033180
321 47.490729 0.413908 0.033305
322 47.787083 0.415682 0.033435
323 48.084358 0.417246 0.033544
324 48.382555 0.418809 0.033669
325 48.681673 0.420305 0.033781
326 48.981714 0.421974 0.033902
327 49.282676 0.423594 0.034007
328 49.584560 0.425158 0.034128
329 49.887366 0.426814 0.034244
330 50.191093 0.428342 0.034363
331 50.495743 0.429877 0.034495
332 50.801314 0.431352 0.034600
333 51.107807 0.432833 0.034699
334 51.415221 0.434244 0.034806
335 51.723558 0.435843 0.034912
336 52.032816 0.437318 0.035010
337 52.342996 0.438926 0.035113
338 52.654098 0.440475 0.035219
339 52.966121 0.442053 0.035337
340 53.279067 0.443517 0.035444
341 53.592934 0.444956 0.035536
342 53.907723 0.446393 0.035641
343 54.223434 0.447821 0.035755
344 54.540066 0.449239 0.035845
345 54.857620 0.450643 0.035936
346 55.176097 0.452138 0.036037
347 55.495494 0.453518 0.036137
348 55.815814 0.454845 0.036238
349 56.137055 0.456230 0.036335
350 56.459219 0.457646 0.036442
351 56.782304 0.459149 0.036540
352 57.106310 0.460537 0.036641
353 57.431239 0.461795 0.036727
354 57.757089 0.463105 0.036818
355 58.083862 0.464432 0.036909
356 58.411555 0.465887 0.037008
357 58.740171 0.467188 0.037100
358 59.069709 0.468505 0.037202
359 59.400168 0.469859 0.037301
360 59.731549 0.471154 0.037393
361 60.063852 0.472436 0.037473
362 60.397076 0.473761 0.037567
363 60.731223 0.475116 0.037657
364 61.066291 0.476347 0.037731
365 61.402281 0.477641 0.037823
366 61.739193 0.479015 0.037917
367 62.077026 0.480264 0.037984
368 62.415781 0.481469 0.038090
369 62.755459 0.482702 0.038179
370 63.096057 0.483926 0.038266
371 63.437578 0.485168 0.038357
372 63.780021 0.486385 0.038435
373 64.123385 0.487582 0.038525
374 64.467671 0.488814 0.038614
375 64.812879 0.490033 0.038697
376 65.159008 0.491278 0.038773
377 65.506060 0.492554 0.038873
378 65.854033 0.493591 0.038951
379 66.202928 0.494809 0.039033
380 66.552744 0.496040 0.039122
381 66.903483 0.497133 0.039208
382 67.255143 0.498298 0.039297
383 67.607725 0.499460 0.039366
384 67.961229 0.500600 0.039445
385 68.315655 0.501774 0.039513
386 68.671002 0.502884 0.039601
387 69.027271 0.504023 0.039670
388 69.384462 0.505116 0.039764
389 69.742575 0.506248 0.039848
390 70.101609 0.507362 0.039924
391 70.461566 0.508513 0.039993
392 70.822444 0.509529 0.040065
393 71.184244 0.510722 0.040163
394 71.546965 0.511740 0.040223
395 71.910609 0.512789 0.040304
396 72.275174 0.513824 0.040388
397 72.640661 0.514854 0.040458
398 73.007070 0.515938 0.040525
399 73.374401 0.517005 0.040590
400 73.742653 0.518074 0.040665
401 74.111827 0.519100 0.040740
402 74.481923 0.520252 0.040815
403 74.852941 0.521279 0.040878
404 75.224880 0.522292 0.040944
405 75.597742 0.523301 0.041010
406 75.971525 0.524366 0.041079
407 76.346230 0.525470 0.041157
408 76.721856 0.526474 0.041238
409 77.098405 0.527449 0.041313
410 77.475875 0.528428 0.041382
411 77.854267 0.529459 0.041454
412 78.233581 0.530459 0.041516
413 78.613816 0.531506 0.041577
414 78.994973 0.532471 0.041648
415 79.377053 0.533523 0.041720
416 79.760053 0.534492 0.041789
417 80.143976 0.535506 0.041867
418 80.528821 0.536421 0.041932
419 80.914587 0.537386 0.042006
420 81.301275 0.538339 0.042067
421 81.688885 0.539296 0.042134
422 82.077416 0.540283 0.042208
423 82.466870 0.541211 0.042268
424 82.857245 0.542142 0.042330
425 83.248542 0.543047 0.042385
426 83.640761 0.543999 0.042441
427 84.033901 0.545012 0.042511
428 84.427963 0.545954 0.042571
429 84.822947 0.546832 0.042637
430 85.218853 0.547793 0.042715
431 85.615681 0.548713 0.042782
432 86.013430 0.549512 0.042833
433 86.412102 0.550443 0.042898
434 86.811695 0.551288 0.042952
435 87.212209 0.552215 0.043014
436 87.613646 0.553141 0.043073
437 88.016004 0.553949 0.043140
438 88.419284 0.554888 0.043211
439 88.823486 0.555705 0.043258
440 89.228610 0.556592 0.043304
441 89.634656 0.557472 0.043372
442 90.041623 0.558295 0.043411
443 90.449512 0.559098 0.043472
444 90.858323 0.559968 0.043540
445 91.268055 0.560824 0.043590
446 91.678710 0.561704 0.043652
447 92.090286 0.562616 0.043713
448 92.502784 0.563477 0.043767
449 92.916204 0.564289 0.043812
450 93.330545 0.565201 0.043877
451 93.745808 0.566123 0.043951
452 94.161994 0.566922 0.044006
453 94.579100 0.567711 0.044051
454 94.997129 0.568537 0.044106
455 95.416080 0.569361 0.044162
456 95.835952 0.570152 0.044225
457 96.256746 0.571018 0.044277
458 96.678462 0.571882 0.044338
459 97.101099 0.572682 0.044403
460 97.524659 0.573498 0.044459
461 97.949140 0.574338 0.044509
462 98.374543 0.575096 0.044558
463 98.800867 0.575895 0.044610
464 99.228114 0.576652 0.044660
465 99.656282 0.577410 0.044715
466 100.085372 0.578168 0.044761
467 100.515384 0.578967 0.044804
468 100.946318 0.579798 0.044869
469 101.378173 0.580577 0.044914
470 101.810950 0.581293 0.044967
471 102.244649 0.582066 0.045019
472 102.679270 0.582831 0.045066
473 103.114813 0.583597 0.045127
474 103.551277 0.584311 0.045171
475 103.988663 0.585066 0.045221
476 104.426971 0.585795 0.045281
477 104.866201 0.586518 0.045326
478 105.306352 0.587207 0.045373
479 105.747425 0.587917 0.045422
480 106.189420 0.588627 0.045468
481 106.632337 0.589328 0.045501
482 107.076176 0.590092 0.045563
483 107.520936 0.590796 0.045606
484 107.966618 0.591508 0.045657
485 108.413222 0.592174 0.045708
486 108.860748 0.592832 0.045763
487 109.309195 0.593519 0.045811
488 109.758565 0.594263 0.045863
489 110.208856 0.594976 0.045918
490 110.660069 0.595735 0.045973
491 111.112203 0.596471 0.046032
492 111.565260 0.597103 0.046076
493 112.019238 0.597772 0.046118
494 112.474138 0.598475 0.046162
495 112.929960 0.599132 0.046210
496 113.386703 0.599794 0.046265
497 113.844369 0.600516 0.046313
498 114.302956 0.601260 0.046366
499 114.762465 0.601943 0.046413
500 115.222895 0.602678 0.046464
501 115.684248 0.603486 0.046529
502 116.146522 0.604158 0.046582
503 116.609718 0.604874 0.046631
504 117.073836 0.605543 0.046676
505 117.538875 0.606188 0.046717
506 118.004837 0.606805 0.046756
507 118.471720 0.607519 0.046811
508 118.939525 0.608170 0.046847
509 119.408252 0.608896 0.046892
510 119.877900 0.609594 0.046950
511 120.348471 0.610240 0.047001
512 120.819963 0.610835 0.047049
513 121.292376 0.611523 0.047084
514 121.765712 0.612220 0.047138
515 122.239970 0.612808 0.047171
516 122.715149 0.613398 0.047204
517 123.191250 0.613982 0.047254
518 123.668273 0.614647 0.047292
519 124.146217 0.615274 0.047337
520 124.625084 0.615871 0.047376
521 125.104872 0.616529 0.047434
522 125.585582 0.617188 0.047480
523 126.067213 0.617820 0.047508
524 126.549767 0.618450 0.047557
525 127.033242 0.619049 0.047596
526 127.517639 0.619660 0.047641
527 128.002958 0.620287 0.047689
528 128.489199 0.620845 0.047734
529 128.976361 0.621409 0.047775
530 129.464445 0.621997 0.047820
531 129.953451 0.622591 0.047859
532 130.443379 0.623226 0.047898
533 130.934228 0.623825 0.047935
534 131.426000 0.624503 0.047979
535 131.918693 0.625056 0.048012
536 132.412308 0.625713 0.048044
537 132.906844 0.626313 0.048091
538 133.402303 0.626902 0.048143
539 133.898683 0.627495 0.048177
540 134.395985 0.628066 0.048215
541 134.894209 0.628656 0.048258
542 135.393354 0.629246 0.048298
543 135.893422 0.629838 0.048340
544 136.394411 0.630465 0.048384
545 136.896322 0.630951 0.048416
546 137.399155 0.631507 0.048454
547 137.902909 0.632090 0.048500
548 138.407585 0.632713 0.048532
549 138.913183 0.633262 0.048573
550 139.419703 0.633808 0.048616
551 139.927145 0.634387 0.048654
552 140.435508 0.634908 0.048698
553 140.944794 0.635481 0.048731
554 141.455000 0.636014 0.048759
555 141.966129 0.636610 0.048810
556 142.478180 0.637138 0.048844
557 142.991152 0.637689 0.048888
558 143.505046 0.638285 0.048923
559 144.019862 0.638843 0.048959
560 144.535600 0.639378 0.049009
561 145.052259 0.639927 0.049047
562 145.569841 0.640532 0.049083
563 146.088344 0.641038 0.049121
564 146.607768 0.641564 0.049159
565 147.128115 0.642108 0.049194
566 147.649383 0.642652 0.049239
567 148.171574 0.643117 0.049267
568 148.694685 0.643666 0.049306
569 149.218719 0.644158 0.049340
570 149.743675 0.644706 0.049387
571 150.269552 0.645261 0.049433
572 150.796351 0.645774 0.049461
573 151.324072 0.646393 0.049496
574 151.852715 0.646885 0.049529
575 152.382279 0.647443 0.049580
576 152.912765 0.647960 0.049615
577 153.444173 0.648476 0.049650
578 153.976503 0.648993 0.049695
579 154.509755 0.649465 0.049730
580 155.043928 0.649959 0.049767
581 155.579023 0.650492 0.049806
582 156.115040 0.650960 0.049843
583 156.651979 0.651471 0.049885
584 157.189839 0.652058 0.049926
585 157.728621 0.652567 0.049961
586 158.268325 0.653091 0.050002
587 158.808951 0.653600 0.050027
588 159.350499 0.654128 0.050055
589 159.892968 0.654587 0.050090
590 160.436359 0.655059 0.050122
591 160.980672 0.655510 0.050160
592 161.525907 0.655913 0.050194
593 162.072064 0.656368 0.050229
594 162.619142 0.656853 0.050264
595 163.167142 0.657345 0.050298
596 163.716064 0.657778 0.050337
597 164.265908 0.658215 0.050382
598 164.816673 0.658686 0.050407
599 165.368360 0.659149 0.050443
600 165.920969 0.659594 0.050472
601 166.474500 0.660070 0.050500
602 167.028953 0.660589 0.050534
603 167.584327 0.661007 0.050571
604 168.140623 0.661509 0.050606
605 168.697841 0.661955 0.050642
606 169.255981 0.662407 0.050684
607 169.815042 0.662884 0.050714
608 170.375025 0.663371 0.050754
609 170.935930 0.663819 0.050788
610 171.497757 0.664257 0.050825
611 172.060506 0.664735 0.050863
612 172.624176 0.665173 0.050893
613 173.188769 0.665644 0.050925
614 173.754282 0.666103 0.050962
615 174.320718 0.666527 0.050997
616 174.888076 0.666996 0.051032
617 175.456355 0.667493 0.051079
618 176.025556 0.667925 0.051115
619 176.595679 0.668336 0.051141
620 177.166724 0.668791 0.051178
621 177.738690 0.669270 0.051210
622 178.311578 0.669754 0.051246
623 178.885388 0.670239 0.051288
624 179.460120 0.670664 0.051318
625 180.035774 0.671145 0.051353
626 180.612349 0.671575 0.051391
627 181.189846 0.671980 0.051428
628 181.768265 0.672428 0.051461
629 182.347606 0.672899 0.051494
630 182.927869 0.673350 0.051533
631 183.509053 0.673814 0.051566
632 184.091159 0.674260 0.051596
633 184.674187 0.674741 0.051625
634 185.258136 0.675224 0.051665
635 185.843008 0.675643 0.051694
636 186.428801 0.676089 0.051730
637 187.015516 0.676517 0.051761
638 187.603153 0.676986 0.051797
639 188.191711 0.677447 0.051839
640 188.781192 0.677858 0.051870
641 189.371594 0.678285 0.051902
642 189.962918 0.678737 0.051941
643 190.555163 0.679146 0.051969
644 191.148331 0.679588 0.052001
645 191.742420 0.680038 0.052035
646 192.337431 0.680446 0.052067
647 192.933364 0.680917 0.052103
648 193.530218 0.681289 0.052136
649 194.127995 0.681723 0.052168
650 194.726693 0.682185 0.052214
651 195.326313 0.682597 0.052240
652 195.926855 0.683057 0.052279
653 196.528318 0.683529 0.052314
654 197.130703 0.683959 0.052343
655 197.734011 0.684345 0.052388
656 198.338239 0.684773 0.052427
657 198.943390 0.685171 0.052452
658 199.549463 0.685578 0.052485
659 200.156457 0.685946 0.052509
660 200.764373 0.686391 0.052548
661 201.373210 0.686750 0.052584
662 201.982970 0.687190 0.052616
663 202.593651 0.687598 0.052644
664 203.205255 0.687976 0.052670
665 203.817779 0.688360 0.052704
666 204.431226 0.688754 0.052740
667 205.045595 0.689108 0.052771
668 205.660885 0.689465 0.052797
669 206.277097 0.689939 0.052829
670 206.894231 0.690245 0.052860
671 207.512286 0.690674 0.052891
672 208.131264 0.691061 0.052931
673 208.751163 0.691419 0.052958
674 209.371984 0.691814 0.052992
675 209.993727 0.692141 0.053022
676 210.616391 0.692523 0.053049
677 211.239977 0.692882 0.053075
678 211.864486 0.693217 0.053109
679 212.489915 0.693570 0.053144
680 213.116267 0.693944 0.053179
681 213.743541 0.694245 0.053205
682 214.371736 0.694605 0.053239
683 215.000853 0.694959 0.053260
684 215.630892 0.695320 0.053291
685 216.261852 0.695630 0.053316
686 216.893734 0.695988 0.053336
687 217.526539 0.696354 0.053362
688 218.160265 0.696704 0.053393
689 218.794912 0.697058 0.053426
690 219.430482 0.697390 0.053456
691 220.066973 0.697689 0.053489
692 220.704386 0.697971 0.053521
693 221.342721 0.698318 0.053557
694 221.981978 0.698634 0.053582
695 222.622156 0.698924 0.053605
696 223.263256 0.699265 0.053633
697 223.905278 0.699568 0.053654
698 224.548222 0.699907 0.053683
699 225.192087 0.700231 0.053711
700 225.836875 0.700603 0.053742
701 226.482584 0.700910 0.053774
702 227.129215 0.701260 0.053804
703 227.776767 0.701528 0.053827
704 228.425242 0.701777 0.053851
705 229.074638 0.702065 0.053879
706 229.724956 0.702362 0.053901
707 230.376196 0.702677 0.053925
708 231.028357 0.702994 0.053955
709 231.681441 0.703302 0.053980
710 232.335446 0.703629 0.054005
711 232.990373 0.703905 0.054029
712 233.646222 0.704195 0.054057
713 234.302992 0.704480 0.054082
714 234.960684 0.704776 0.054110
715 235.619299 0.705010 0.054133
716 236.278834 0.705287 0.054147
717 236.939292 0.705553 0.054173
718 237.600671 0.705799 0.054189
719 238.262973 0.706070 0.054216
720 238.926196 0.706356 0.054237
721 239.590340 0.706626 0.054265
722 240.255407 0.706914 0.054297
723 240.921395 0.707178 0.054309
724 241.588305 0.707450 0.054337
725 242.256137 0.707754 0.054362
726 242.924891 0.708052 0.054386
727 243.594566 0.708318 0.054415
728 244.265164 0.708601 0.054442
729 244.936683 0.708838 0.054463
730 245.609124 0.709162 0.054493
731 246.282486 0.709458 0.054520
732 246.956771 0.709744 0.054546
733 247.631977 0.710029 0.054574
734 248.308105 0.710299 0.054590
735 248.985154 0.710513 0.054603
736 249.663126 0.710778 0.054632
737 250.342019 0.711057 0.054664
738 251.021834 0.711374 0.054681
739 251.702571 0.711600 0.054698
740 252.384230 0.711863 0.054721
741 253.066810 0.712128 0.054743
742 253.750312 0.712367 0.054760
743 254.434736 0.712636 0.054780
744 255.120082 0.712872 0.054798
745 255.806350 0.713090 0.054823
746 256.493539 0.713356 0.054838
747 257.181650 0.713573 0.054852
748 257.870683 0.713835 0.054876
749 258.560638 0.714052 0.054899
750 259.251514 0.714309 0.054923
751 259.943313 0.714564 0.054944
752 260.636033 0.714777 0.054964
753 261.329674 0.715019 0.054982
754 262.024238 0.715239 0.054999
755 262.719723 0.715478 0.055019
756 263.416131 0.715678 0.055042
757 264.113460 0.715906 0.055067
758 264.811710 0.716123 0.055085
759 265.510883 0.716358 0.055111
760 266.210977 0.716603 0.055127
761 266.911993 0.716830 0.055145
762 267.613931 0.717080 0.055169
763 268.316791 0.717289 0.055185
764 269.020572 0.717541 0.055211
765 269.725276 0.717738 0.055228
766 270.430901 0.717955 0.055246
767 271.137447 0.718161 0.055262
768 271.844916 0.718415 0.055286
769 272.553306 0.718651 0.055307
770 273.262618 0.718856 0.055329
771 273.972852 0.719068 0.055344
772 274.684008 0.719305 0.055359
773 275.396086 0.719526 0.055374
774 276.109085 0.719742 0.055388
775 276.823006 0.719940 0.055402
776 277.537849 0.720156 0.055426
777 278.253613 0.720347 0.055435
778 278.970300 0.720573 0.055458
779 279.687908 0.720805 0.055477
780 280.406438 0.721019 0.055494
781 281.125890 0.721222 0.055513
782 281.846263 0.721464 0.055540
783 282.567559 0.721695 0.055558
784 283.289776 0.721919 0.055581
785 284.012915 0.722121 0.055601
786 284.736975 0.722317 0.055618
787 285.461958 0.722508 0.055641
788 286.187862 0.722730 0.055659
789 286.914688 0.722907 0.055674
790 287.642436 0.723112 0.055692
791 288.371105 0.723260 0.055705
792 289.100697 0.723457 0.055725
793 289.831210 0.723652 0.055741
794 290.562645 0.723866 0.055750
795 291.295002 0.724063 0.055767
796 292.028280 0.724262 0.055779
797 292.762480 0.724442 0.055800
798 293.497602 0.724623 0.055815
799 294.233646 0.724808 0.055837
800 294.970612 0.724986 0.055857
801 295.708499 0.725172 0.055876
802 296.447309 0.725332 0.055891
803 297.187039 0.725502 0.055910
804 297.927692 0.725713 0.055923
805 298.669267 0.725889 0.055943
806 299.411763 0.726082 0.055958
807 300.155181 0.726239 0.055965
808 300.899521 0.726438 0.055987
809 301.644783 0.726664 0.056003
810 302.390966 0.726805 0.056019
811 303.138072 0.727002 0.056030
812 303.886099 0.727211 0.056048
813 304.635047 0.727402 0.056066
814 305.384918 0.727540 0.056084
815 306.135710 0.727719 0.056099
816 306.887425 0.727877 0.056124
817 307.640061 0.728060 0.056135
818 308.393618 0.728244 0.056156
819 309.148098 0.728439 0.056177
820 309.903499 0.728653 0.056196
821 310.659822 0.728804 0.056213
822 311.417067 0.728970 0.056226
823 312.175234 0.729203 0.056243
824 312.934322 0.729330 0.056268
825 313.694332 0.729536 0.056290
826 314.455264 0.729709 0.056302
827 315.217118 0.729862 0.056319
828 315.979894 0.730060 0.056340
829 316.743591 0.730199 0.056357
830 317.508210 0.730379 0.056371
831 318.273751 0.730595 0.056386
832 319.040214 0.730761 0.056395
833 319.807598 0.730931 0.056406
834 320.575905 0.731085 0.056419
835 321.345133 0.731224 0.056431
836 322.115282 0.731381 0.056446
837 322.886354 0.731526 0.056464
838 323.658347 0.731692 0.056479
839 324.431263 0.731847 0.056491
840 325.205100 0.732014 0.056500
841 325.979858 0.732179 0.056516
842 326.755539 0.732336 0.056530
843 327.532141 0.732501 0.056544
844 328.309665 0.732669 0.056562
845 329.088111 0.732818 0.056573
846 329.867479 0.732991 0.056593
847 330.647768 0.733147 0.056603
848 331.428980 0.733290 0.056615
849 332.211113 0.733452 0.056632
850 332.994167 0.733646 0.056648
851 333.778144 0.733803 0.056667
852 334.563042 0.733962 0.056678
853 335.348862 0.734118 0.056696
854 336.135604 0.734274 0.056715
855 336.923268 0.734447 0.056738
856 337.711854 0.734613 0.056754
857 338.501361 0.734798 0.056766
858 339.291790 0.734936 0.056782
859 340.083141 0.735078 0.056793
860 340.875413 0.735221 0.056810
861 341.668608 0.735384 0.056834
862 342.462724 0.735522 0.056849
863 343.257762 0.735724 0.056866
864 344.053722 0.735907 0.056881
865 344.850603 0.736060 0.056896
866 345.648407 0.736210 0.056912
867 346.447132 0.736349 0.056921
868 347.246779 0.736481 0.056928
869 348.047347 0.736624 0.056944
870 348.848838 0.736768 0.056961
871 349.651250 0.736947 0.056979
872 350.454584 0.737089 0.056984
873 351.258840 0.737250 0.057000
874 352.064017 0.737388 0.057008
875 352.870117 0.737551 0.057027
876 353.677138 0.737705 0.057048
877 354.485081 0.737837 0.057053
878 355.293946 0.737970 0.057069
879 356.103732 0.738144 0.057080
880 356.914440 0.738291 0.057093
881 357.726070 0.738457 0.057103
882 358.538622 0.738618 0.057119
883 359.352096 0.738723 0.057129
884 360.166491 0.738882 0.057152
885 360.981809 0.739026 0.057167
886 361.798048 0.739210 0.057181
887 362.615208 0.739365 0.057201
888 363.433291 0.739490 0.057217
889 364.252295 0.739607 0.057231
890 365.072221 0.739774 0.057246
891 365.893069 0.739953 0.057258
892 366.714839 0.740085 0.057268
893 367.537530 0.740219 0.057276
894 368.361144 0.740376 0.057287
895 369.185679 0.740490 0.057306
896 370.011136 0.740618 0.057316
897 370.837514 0.740742 0.057327
898 371.664815 0.740883 0.057334
899 372.493037 0.741047 0.057353
900 373.322181 0.741170 0.057361
901 374.152246 0.741309 0.057373
902 374.983234 0.741441 0.057385
903 375.815143 0.741572 0.057392
904 376.647974 0.741720 0.057407
905 377.481727 0.741830 0.057417
906 378.316402 0.741979 0.057426
907 379.151998 0.742155 0.057446
908 379.988516 0.742256 0.057461
909 380.825956 0.742352 0.057475
910 381.664318 0.742484 0.057490
911 382.503602 0.742605 0.057506
912 383.343807 0.742729 0.057512
913 384.184934 0.742892 0.057527
914 385.026983 0.743059 0.057541
915 385.869954 0.743171 0.057555
916 386.713846 0.743301 0.057572
917 387.558661 0.743420 0.057585
918 388.404397 0.743542 0.057601
919 389.251055 0.743693 0.057609
920 390.098634 0.743811 0.057618
921 390.947136 0.743951 0.057631
922 391.796559 0.744108 0.057641
923 392.646904 0.744223 0.057651
924 393.498171 0.744357 0.057662
925 394.350359 0.744502 0.057681
926 395.203469 0.744642 0.057699
927 396.057501 0.744793 0.057711
928 396.912455 0.744916 0.057717
929 397.768331 0.745038 0.057723
930 398.625128 0.745148 0.057740
931 399.482848 0.745278 0.057749
932 400.341489 0.745397 0.057764
933 401.201052 0.745506 0.057776
934 402.061536 0.745649 0.057783
935 402.922942 0.745783 0.057802
936 403.785271 0.745922 0.057817
937 404.648521 0.746023 0.057830
938 405.512692 0.746139 0.057838
939 406.377786 0.746271 0.057845
940 407.243801 0.746366 0.057859
941 408.110738 0.746477 0.057869
942 408.978597 0.746622 0.057882
943 409.847378 0.746742 0.057896
944 410.717080 0.746869 0.057913
945 411.587704 0.746985 0.057921
946 412.459250 0.747110 0.057933
947 413.331718 0.747231 0.057941
948 414.205107 0.747322 0.057949
949 415.079419 0.747428 0.057958
950 415.954652 0.747558 0.057973
951 416.830807 0.747662 0.057980
952 417.707883 0.747783 0.057994
953 418.585882 0.747936 0.058008
954 419.464802 0.748045 0.058026
955 420.344644 0.748152 0.058036
956 421.225408 0.748271 0.058043
957 422.107094 0.748376 0.058063
958 422.989701 0.748483 0.058068
959 423.873230 0.748617 0.058079
960 424.757681 0.748718 0.058088
961 425.643054 0.748828 0.058094
962 426.529348 0.748959 0.058110
963 427.416565 0.749072 0.058114
964 428.304703 0.749201 0.058119
965 429.193763 0.749298 0.058134
966 430.083744 0.749427 0.058142
967 430.974648 0.749530 0.058152
968 431.866473 0.749633 0.058169
969 432.759220 0.749736 0.058179
970 433.652889 0.749821 0.058190
971 434.547479 0.749952 0.058201
972 435.442992 0.750031 0.058215
973 436.339426 0.750155 0.058228
974 437.236782 0.750249 0.058240
975 438.135059 0.750355 0.058245
976 439.034259 0.750448 0.058259
977 439.934380 0.750568 0.058270
978 440.835423 0.750671 0.058283
979 441.737388 0.750767 0.058295
980 442.640274 0.750889 0.058306
981 443.544083 0.751026 0.058318
982 444.448813 0.751126 0.058319
983 445.354465 0.751228 0.058329
984 446.261039 0.751326 0.058335
985 447.168534 0.751421 0.058342
986 448.076952 0.751566 0.058356
987 448.986291 0.751660 0.058371
988 449.896552 0.751749 0.058376
989 450.807734 0.751828 0.058384
990 451.719839 0.751942 0.058396
991 452.632865 0.752042 0.058409
992 453.546813 0.752150 0.058421
993 454.461683 0.752240 0.058426
994 455.377474 0.752330 0.058439
995 456.294188 0.752435 0.058452
996 457.211823 0.752560 0.058461
997 458.130380 0.752669 0.058470
998 459.049858 0.752741 0.058476
999 459.970259 0.752814 0.058483
1000 460.891581 0.752927 0.060583
