Cycle time(h) alpha_mass conn_por total_por frac_conn
50 1.152229 0.018913 553168 554312 0.997936
50 1.152229 0.018913 553176 554312 0.997951
50 1.152229 0.018913 553179 554312 0.997956
100 4.608916 0.042621 541667 543754 0.996162
100 4.608916 0.042621 541682 543754 0.996189
100 4.608916 0.042621 541690 543754 0.996204
150 10.370061 0.126203 493912 499568 0.988678
150 10.370061 0.126203 493923 499568 0.988700
150 10.370061 0.126203 493897 499568 0.988648
200 18.435663 0.230903 425824 437332 0.973686
200 18.435663 0.230903 425874 437332 0.973800
200 18.435663 0.230903 425843 437332 0.973729
250 28.805724 0.312148 372164 390541 0.952945
250 28.805724 0.312148 372290 390541 0.953267
250 28.805724 0.312148 372253 390541 0.953173
300 41.480242 0.376591 326508 354672 0.920591
300 41.480242 0.376591 326811 354672 0.921446
300 41.480242 0.376591 326486 354672 0.920529
350 56.459219 0.457646 269900 314342 0.858619
350 56.459219 0.457646 270276 314342 0.859815
350 56.459219 0.457646 269930 314342 0.858714
400 73.742653 0.518074 222790 285454 0.780476
400 73.742653 0.518074 221961 285454 0.777572
400 73.742653 0.518074 222173 285454 0.778315
450 93.330545 0.565201 182400 263695 0.691708
450 93.330545 0.565201 181498 263695 0.688288
450 93.330545 0.565201 179995 263695 0.682588
500 115.222895 0.602678 140362 246789 0.568753
500 115.222895 0.602678 139842 246789 0.566646
500 115.222895 0.602678 143881 246789 0.583012
550 139.419703 0.633808 106527 233269 0.456670
550 139.419703 0.633808 106906 233269 0.458295
550 139.419703 0.633808 109587 233269 0.469788
600 165.920969 0.659594 70269 222215 0.316221
600 165.920969 0.659594 71831 222215 0.323250
600 165.920969 0.659594 70715 222215 0.318228
650 194.726693 0.682185 0 212415 0.000000
650 194.726693 0.682185 0 212415 0.000000
650 194.726693 0.682185 0 212415 0.000000
