Cycle time(h) alpha_vol alpha_mass heat4(kJ/kg_solid) Gsratio2 G-s_ratio
0 0.000000 0.000000 -0.000000 0.000000 0.000061  -0.000000 
1 0.000461 0.000070 0.000068 0.101608 0.000385  0.000115 
2 0.001844 0.000388 0.000383 0.348324 0.000739  0.000646 
3 0.004148 0.000694 0.000685 0.585786 0.001036  0.001156 
4 0.007374 0.000939 0.000927 0.781231 0.001323  0.001562 
5 0.011522 0.001225 0.001209 0.998705 0.001629  0.002037 
6 0.016592 0.001541 0.001520 1.251003 0.001948  0.002561 
7 0.022584 0.001866 0.001842 1.502289 0.002279  0.003103 
8 0.029497 0.002172 0.002144 1.744368 0.002661  0.003611 
9 0.037332 0.002798 0.002754 2.443325 0.003065  0.004636 
10 0.046089 0.003441 0.003380 3.130440 0.003392  0.005687 
11 0.055768 0.004064 0.003987 3.809027 0.003708  0.006704 
12 0.066368 0.004375 0.004293 4.033371 0.004007  0.007217 
13 0.077891 0.004664 0.004577 4.271410 0.004335  0.007693 
14 0.090335 0.004965 0.004875 4.483794 0.004714  0.008192 
15 0.103701 0.005297 0.005203 4.759970 0.005108  0.008741 
16 0.117988 0.005608 0.005509 4.998723 0.005467  0.009253 
17 0.133198 0.006149 0.006038 5.568597 0.005834  0.010137 
18 0.149329 0.006425 0.006311 5.805429 0.006198  0.010593 
19 0.166382 0.007030 0.006897 6.484450 0.006574  0.011572 
20 0.184357 0.007301 0.007167 6.661699 0.006971  0.012021 
21 0.203253 0.007622 0.007486 6.837115 0.007364  0.012553 
22 0.223072 0.007935 0.007794 7.039155 0.007775  0.013066 
23 0.243812 0.008269 0.008125 7.296838 0.008152  0.013619 
24 0.265474 0.008566 0.008418 7.506747 0.008574  0.014106 
25 0.288057 0.008879 0.008726 7.726490 0.009078  0.014619 
26 0.311563 0.009213 0.009056 7.976452 0.009607  0.015168 
27 0.335990 0.009876 0.009702 8.633714 0.010133  0.016242 
28 0.361339 0.010444 0.010256 9.209107 0.010544  0.017161 
29 0.387610 0.010980 0.010777 9.776408 0.011028  0.018025 
30 0.414802 0.011307 0.011100 10.031676 0.011543  0.018561 
31 0.442917 0.011628 0.011417 10.224664 0.012086  0.019087 
32 0.471953 0.011955 0.011742 10.415347 0.012594  0.019625 
33 0.501911 0.012278 0.012061 10.636017 0.013030  0.020152 
34 0.532791 0.012557 0.012337 10.787422 0.013537  0.020609 
35 0.564592 0.012841 0.012617 10.945863 0.014088  0.021072 
36 0.597315 0.013428 0.013190 11.480009 0.014615  0.022020 
37 0.630961 0.013717 0.013476 11.670629 0.015213  0.022492 
38 0.665527 0.014086 0.013840 11.897634 0.015827  0.023093 
39 0.701016 0.014464 0.014214 12.112688 0.016415  0.023710 
40 0.737427 0.014802 0.014548 12.335958 0.017034  0.024260 
41 0.774759 0.015183 0.014924 12.583769 0.017606  0.024880 
42 0.813013 0.015517 0.015255 12.776260 0.018070  0.025426 
43 0.852189 0.015826 0.015558 13.007460 0.018729  0.025924 
44 0.892286 0.016534 0.016250 13.597588 0.019282  0.027064 
45 0.933305 0.016881 0.016595 13.807458 0.019864  0.027630 
46 0.975247 0.017519 0.017218 14.327331 0.020322  0.028654 
47 1.018110 0.017835 0.017529 14.532407 0.020839  0.029163 
48 1.061894 0.018184 0.017873 14.759340 0.021415  0.029728 
49 1.106601 0.018885 0.018557 15.353896 0.021993  0.030849 
50 1.152229 0.019247 0.018913 15.558563 0.022598  0.031433 
51 1.198779 0.019621 0.019284 15.734269 0.023168  0.032039 
52 1.246251 0.019963 0.019623 15.892279 0.023720  0.032594 
53 1.294644 0.020293 0.019948 16.085718 0.024320  0.033125 
54 1.343960 0.020958 0.020596 16.579521 0.024900  0.034185 
55 1.394197 0.021326 0.020962 16.760010 0.025523  0.034782 
56 1.445356 0.021737 0.021370 16.980213 0.026202  0.035447 
57 1.497437 0.022433 0.022052 17.546869 0.026917  0.036560 
58 1.550439 0.023103 0.022710 17.978960 0.027549  0.037631 
59 1.604364 0.023513 0.023117 18.199276 0.028236  0.038293 
60 1.659210 0.023952 0.023553 18.435679 0.028775  0.039002 
61 1.714978 0.024340 0.023934 18.668323 0.029319  0.039622 
62 1.771667 0.024636 0.024228 18.826735 0.029879  0.040100 
63 1.829279 0.025102 0.024686 19.135536 0.030417  0.040843 
64 1.887812 0.025420 0.025002 19.295333 0.030975  0.041355 
65 1.947267 0.025864 0.025437 19.587790 0.031532  0.042060 
66 2.007644 0.026148 0.025719 19.681882 0.031998  0.042517 
67 2.068942 0.026553 0.026117 19.937394 0.032464  0.043162 
68 2.131163 0.026813 0.026375 20.045995 0.032993  0.043580 
69 2.194305 0.027119 0.026678 20.167922 0.033532  0.044070 
70 2.258369 0.027402 0.026959 20.253441 0.034080  0.044525 
71 2.323354 0.027762 0.027313 20.469531 0.034641  0.045097 
72 2.389262 0.028218 0.027760 20.777288 0.035153  0.045818 
73 2.456091 0.028596 0.028131 21.025292 0.035754  0.046418 
74 2.523842 0.029077 0.028603 21.319360 0.036295  0.047179 
75 2.592515 0.029392 0.028914 21.432588 0.036849  0.047680 
76 2.662110 0.029831 0.029346 21.697459 0.037458  0.048377 
77 2.732626 0.030338 0.029843 22.048439 0.038081  0.049177 
78 2.804064 0.030783 0.030282 22.274114 0.038747  0.049884 
79 2.876424 0.031244 0.030739 22.539344 0.039442  0.050618 
80 2.949706 0.031760 0.031249 22.811815 0.040082  0.051438 
81 3.023910 0.032231 0.031713 23.050765 0.040741  0.052182 
82 3.099035 0.032668 0.032143 23.323600 0.041339  0.052873 
83 3.175082 0.033122 0.032589 23.585059 0.041997  0.053589 
84 3.252051 0.033471 0.032936 23.743267 0.042716  0.054144 
85 3.329942 0.033988 0.033445 24.022653 0.043518  0.054959 
86 3.408754 0.034553 0.034000 24.365854 0.044344  0.055846 
87 3.488488 0.035111 0.034549 24.682759 0.045127  0.056724 
88 3.569144 0.035682 0.035110 25.013696 0.045913  0.057621 
89 3.650722 0.036269 0.035689 25.368131 0.046797  0.058545 
90 3.733222 0.036868 0.036280 25.704357 0.047672  0.059488 
91 3.816643 0.037504 0.036906 26.069292 0.048542  0.060485 
92 3.900986 0.038074 0.037468 26.420129 0.049477  0.061378 
93 3.986251 0.038673 0.038063 26.757015 0.050392  0.062326 
94 4.072438 0.039283 0.038665 27.068726 0.051303  0.063282 
95 4.159547 0.039906 0.039281 27.405525 0.052268  0.064259 
96 4.247577 0.040578 0.039942 27.810123 0.053344  0.065308 
97 4.336529 0.041309 0.040663 28.258708 0.054429  0.066449 
98 4.426403 0.042005 0.041351 28.612774 0.055387  0.067537 
99 4.517198 0.042670 0.042004 29.023761 0.056407  0.068570 
100 4.608916 0.043294 0.042621 29.340378 0.057358  0.069544 
101 4.701555 0.043917 0.043235 29.698937 0.058466  0.070513 
102 4.795116 0.044609 0.043916 30.107294 0.059606  0.071587 
103 4.889599 0.045332 0.044631 30.510449 0.060801  0.072712 
104 4.985003 0.046096 0.045386 30.941297 0.061996  0.073900 
105 5.081330 0.046873 0.046155 31.361990 0.063224  0.075106 
106 5.178578 0.047659 0.046930 31.812353 0.064569  0.076322 
107 5.276748 0.048518 0.047780 32.269044 0.065775  0.077655 
108 5.375839 0.049268 0.048523 32.707507 0.067220  0.078817 
109 5.475853 0.050163 0.049410 33.181164 0.068578  0.080204 
110 5.576788 0.051027 0.050266 33.649036 0.069960  0.081539 
111 5.678645 0.051891 0.051119 34.119308 0.071438  0.082870 
112 5.781424 0.052793 0.052009 34.653301 0.073117  0.084255 
113 5.885125 0.053776 0.052983 35.163688 0.074647  0.085770 
114 5.989747 0.054703 0.053902 35.659327 0.076158  0.087196 
115 6.095291 0.055647 0.054843 36.170494 0.077874  0.088655 
116 6.201757 0.056676 0.055863 36.744182 0.079668  0.090234 
117 6.309145 0.057765 0.056945 37.336735 0.081473  0.091906 
118 6.417454 0.058893 0.058065 37.947131 0.083397  0.093634 
119 6.526686 0.060116 0.059277 38.605310 0.085428  0.095500 
120 6.636839 0.061385 0.060537 39.311469 0.087658  0.097437 
121 6.747914 0.062803 0.061947 40.065545 0.089834  0.099600 
122 6.859910 0.064125 0.063259 40.746281 0.092017  0.101609 
123 6.972829 0.065433 0.064558 41.439105 0.094449  0.103594 
124 7.086669 0.067000 0.066114 42.291125 0.096879  0.105967 
125 7.201431 0.068592 0.067693 43.168702 0.099589  0.108368 
126 7.317115 0.070320 0.069412 44.066453 0.102155  0.110977 
127 7.433720 0.071950 0.071034 44.917536 0.105052  0.113431 
128 7.551248 0.073746 0.072817 45.883950 0.107975  0.116123 
129 7.669697 0.075627 0.074690 46.865801 0.110983  0.118942 
130 7.789068 0.077653 0.076706 47.927544 0.114235  0.121968 
131 7.909360 0.079832 0.078872 49.079157 0.117750  0.125209 
132 8.030575 0.082066 0.081094 50.287426 0.121511  0.128524 
133 8.152711 0.084529 0.083547 51.566389 0.125517  0.132169 
134 8.275769 0.087169 0.086175 52.950177 0.129431  0.136061 
135 8.399749 0.089758 0.088750 54.338309 0.133403  0.139859 
136 8.524651 0.092365 0.091343 55.732311 0.137284  0.143668 
137 8.650474 0.094929 0.093895 57.103045 0.141080  0.147404 
138 8.777219 0.097443 0.096394 58.487621 0.145067  0.151049 
139 8.904886 0.100037 0.098972 59.941477 0.148963  0.154794 
140 9.033475 0.102476 0.101397 61.293220 0.152896  0.158304 
141 9.162986 0.105053 0.103958 62.702585 0.156671  0.161997 
142 9.293418 0.107489 0.106378 64.097521 0.160755  0.165476 
143 9.424772 0.110134 0.109011 65.566690 0.164662  0.169244 
144 9.557048 0.112568 0.111428 66.972108 0.168746  0.172693 
145 9.690245 0.115246 0.114093 68.480859 0.172535  0.176480 
146 9.824365 0.117632 0.116468 69.805274 0.176249  0.179842 
147 9.959406 0.120029 0.118851 71.165867 0.180133  0.183205 
148 10.095369 0.122407 0.121217 72.561776 0.184055  0.186532 
149 10.232254 0.124928 0.123722 73.993973 0.188002  0.190042 
150 10.370061 0.127423 0.126203 75.447455 0.191971  0.193505 
151 10.508789 0.129900 0.128670 76.858520 0.195745  0.196938 
152 10.648439 0.132341 0.131097 78.299434 0.199616  0.200302 
153 10.789011 0.134755 0.133501 79.724486 0.203446  0.203622 
154 10.930505 0.137109 0.135843 81.090558 0.207309  0.206848 
155 11.072920 0.139543 0.138264 82.488965 0.211124  0.210169 
156 11.216258 0.141940 0.140650 83.861622 0.214815  0.213432 
157 11.360517 0.144318 0.143014 85.216507 0.218395  0.216654 
158 11.505697 0.146670 0.145353 86.564095 0.221999  0.219830 
159 11.651800 0.148948 0.147621 87.847659 0.225579  0.222901 
160 11.798824 0.151222 0.149885 89.151903 0.229171  0.225956 
161 11.946771 0.153461 0.152110 90.446117 0.232640  0.228949 
162 12.095639 0.155718 0.154357 91.709359 0.236033  0.231962 
163 12.245428 0.157887 0.156517 92.943619 0.239524  0.234848 
164 12.396140 0.160158 0.158778 94.212804 0.242783  0.237861 
165 12.547773 0.162391 0.160998 95.521761 0.246268  0.240810 
166 12.700328 0.164677 0.163273 96.815925 0.249796  0.243823 
167 12.853805 0.166957 0.165542 98.146674 0.253001  0.246817 
168 13.008204 0.169054 0.167627 99.343035 0.256331  0.249560 
169 13.163524 0.171197 0.169760 100.583472 0.259538  0.252359 
170 13.319767 0.173300 0.171855 101.820209 0.262776  0.255099 
171 13.476931 0.175445 0.173991 103.055659 0.265965  0.257886 
172 13.635017 0.177634 0.176167 104.318907 0.269122  0.260715 
173 13.794024 0.179731 0.178253 105.541342 0.272176  0.263420 
174 13.953954 0.181786 0.180299 106.731408 0.275205  0.266065 
175 14.114805 0.183783 0.182287 107.885492 0.278361  0.268628 
176 14.276578 0.185933 0.184429 109.105367 0.281367  0.271381 
177 14.439272 0.187947 0.186438 110.271101 0.284345  0.273956 
178 14.602889 0.190024 0.188505 111.480611 0.287375  0.276598 
179 14.767427 0.192135 0.190607 112.689640 0.290326  0.279277 
180 14.932887 0.194171 0.192631 113.882758 0.293353  0.281849 
181 15.099269 0.196260 0.194712 115.079108 0.296326  0.284486 
182 15.266573 0.198342 0.196780 116.308923 0.299100  0.287100 
183 15.434798 0.200319 0.198750 117.434461 0.301922  0.289582 
184 15.603945 0.202304 0.200727 118.564963 0.304817  0.292067 
185 15.774014 0.204323 0.202736 119.753799 0.307660  0.294584 
186 15.945005 0.206337 0.204739 120.924308 0.310224  0.297089 
187 16.116918 0.208154 0.206547 121.950075 0.312840  0.299343 
188 16.289752 0.210020 0.208407 123.028550 0.315562  0.301656 
189 16.463508 0.211947 0.210325 124.149794 0.318171  0.304034 
190 16.638186 0.213820 0.212192 125.226727 0.320882  0.306343 
191 16.813786 0.215774 0.214139 126.349861 0.323470  0.308746 
192 16.990307 0.217603 0.215962 127.411028 0.326034  0.310991 
193 17.167751 0.219440 0.217790 128.489436 0.328819  0.313234 
194 17.346116 0.221442 0.219782 129.639662 0.331383  0.315674 
195 17.525402 0.223339 0.221674 130.686360 0.333970  0.317984 
196 17.705611 0.225203 0.223531 131.777203 0.336595  0.320247 
197 17.886741 0.227125 0.225446 132.860318 0.339051  0.322574 
198 18.068794 0.228901 0.227214 133.895679 0.341484  0.324717 
199 18.251768 0.230723 0.229029 134.940219 0.344038  0.326912 
200 18.435663 0.232606 0.230903 136.020137 0.346502  0.329173 
201 18.620481 0.234443 0.232737 137.091411 0.349030  0.331380 
202 18.806220 0.236297 0.234585 138.163212 0.351448  0.333598 
203 18.992881 0.238148 0.236429 139.228538 0.353867  0.335806 
204 19.180464 0.240029 0.238302 140.300606 0.356315  0.338043 
205 19.368969 0.241914 0.240179 141.389995 0.358627  0.340279 
206 19.558395 0.243659 0.241916 142.364462 0.360791  0.342343 
207 19.748743 0.245273 0.243526 143.287494 0.363086  0.344252 
208 19.940013 0.247022 0.245266 144.309984 0.365376  0.346312 
209 20.132205 0.248762 0.247004 145.288174 0.367716  0.348363 
210 20.325319 0.250562 0.248799 146.316680 0.369954  0.350477 
211 20.519354 0.252312 0.250540 147.358168 0.372262  0.352523 
212 20.714311 0.254064 0.252288 148.378758 0.374607  0.354572 
213 20.910190 0.255835 0.254056 149.397838 0.376830  0.356640 
214 21.106991 0.257522 0.255737 150.372953 0.379146  0.358601 
215 21.304713 0.259373 0.257585 151.397478 0.381284  0.360753 
216 21.503358 0.261035 0.259242 152.345076 0.383403  0.362677 
217 21.702924 0.262712 0.260916 153.292461 0.385529  0.364617 
218 21.903411 0.264384 0.262584 154.242340 0.387750  0.366546 
219 22.104821 0.266111 0.264310 155.227887 0.389900  0.368538 
220 22.307153 0.267788 0.265978 156.187214 0.392079  0.370458 
221 22.510406 0.269513 0.267696 157.170145 0.394189  0.372432 
222 22.714581 0.271207 0.269384 158.139904 0.396161  0.374366 
223 22.919677 0.272804 0.270970 159.078020 0.398150  0.376180 
224 23.125696 0.274441 0.272600 160.004373 0.400245  0.378040 
225 23.332636 0.276108 0.274262 160.973126 0.402205  0.379933 
226 23.540498 0.277652 0.275802 161.847889 0.404199  0.381683 
227 23.749282 0.279321 0.277465 162.798282 0.406067  0.383570 
228 23.958988 0.280881 0.279021 163.679015 0.407903  0.385331 
229 24.169615 0.282417 0.280552 164.550166 0.409992  0.387059 
230 24.381165 0.284058 0.282189 165.495460 0.411892  0.388905 
231 24.593636 0.285589 0.283713 166.400859 0.413861  0.390619 
232 24.807028 0.287139 0.285261 167.267124 0.415768  0.392356 
233 25.021343 0.288702 0.286816 168.153750 0.417574  0.394099 
234 25.236579 0.290219 0.288329 169.012243 0.419516  0.395790 
235 25.452738 0.291905 0.290010 169.970184 0.421463  0.397667 
236 25.669817 0.293482 0.291579 170.885423 0.423328  0.399414 
237 25.887819 0.295008 0.293102 171.749440 0.425033  0.401105 
238 26.106743 0.296452 0.294538 172.581936 0.426801  0.402699 
239 26.326588 0.297906 0.295989 173.420180 0.428561  0.404305 
240 26.547355 0.299425 0.297505 174.260873 0.430397  0.405981 
241 26.769044 0.300951 0.299030 175.134775 0.432111  0.407662 
242 26.991655 0.302363 0.300440 175.935695 0.433821  0.409214 
243 27.215187 0.303843 0.301915 176.768707 0.435612  0.410835 
244 27.439641 0.305265 0.303336 177.587025 0.437258  0.412393 
245 27.665017 0.306636 0.304701 178.373175 0.439016  0.413888 
246 27.891315 0.308167 0.306232 179.237685 0.440765  0.415560 
247 28.118534 0.309609 0.307669 180.047584 0.442469  0.417127 
248 28.346676 0.311052 0.309115 180.851613 0.444258  0.418702 
249 28.575739 0.312622 0.310682 181.719454 0.446016  0.420404 
250 28.805724 0.314090 0.312148 182.533591 0.447559  0.421994 
251 29.036630 0.315418 0.313471 183.287774 0.449155  0.423426 
252 29.268459 0.316820 0.314867 184.137758 0.450854  0.424935 
253 29.501209 0.318296 0.316338 184.985048 0.452468  0.426522 
254 29.734881 0.319700 0.317739 185.800873 0.454070  0.428030 
255 29.969475 0.321088 0.319124 186.589092 0.455674  0.429519 
256 30.204991 0.322476 0.320510 187.364430 0.457281  0.431006 
257 30.441428 0.323801 0.321832 188.124404 0.458866  0.432422 
258 30.678787 0.325194 0.323221 188.916112 0.460512  0.433907 
259 30.917068 0.326609 0.324633 189.724255 0.461997  0.435414 
260 31.156271 0.327858 0.325879 190.422598 0.463514  0.436742 
261 31.396395 0.329195 0.327213 191.169960 0.465025  0.438161 
262 31.637442 0.330557 0.328570 191.923248 0.466595  0.439602 
263 31.879410 0.331928 0.329939 192.698541 0.468158  0.441054 
264 32.122300 0.333337 0.331345 193.501497 0.469604  0.442541 
265 32.366111 0.334604 0.332608 194.208696 0.471051  0.443876 
266 32.610845 0.335888 0.333890 194.928932 0.472564  0.445229 
267 32.856500 0.337259 0.335255 195.713617 0.474105  0.446667 
268 33.103077 0.338617 0.336611 196.495127 0.475539  0.448092 
269 33.350576 0.339908 0.337900 197.231598 0.477097  0.449445 
270 33.598996 0.341274 0.339264 198.022880 0.478503  0.450874 
271 33.848339 0.342476 0.340462 198.672227 0.479983  0.452128 
272 34.098603 0.343786 0.341770 199.413551 0.481339  0.453494 
273 34.349789 0.345072 0.343053 200.109613 0.482821  0.454832 
274 34.601896 0.346387 0.344368 200.825398 0.484209  0.456201 
275 34.854926 0.347700 0.345679 201.563033 0.485629  0.457564 
276 35.108877 0.349054 0.347029 202.318043 0.486997  0.458965 
277 35.363750 0.350301 0.348274 203.015648 0.488389  0.460255 
278 35.619545 0.351592 0.349562 203.733804 0.489770  0.461588 
279 35.876262 0.352861 0.350831 204.437335 0.491139  0.462898 
280 36.133900 0.354157 0.352120 205.185480 0.492468  0.464227 
281 36.392460 0.355401 0.353362 205.884292 0.493768  0.465506 
282 36.651942 0.356610 0.354567 206.546184 0.495049  0.466744 
283 36.912346 0.357864 0.355817 207.251996 0.496473  0.468028 
284 37.173671 0.359133 0.357084 207.971852 0.497873  0.469327 
285 37.435919 0.360390 0.358339 208.680683 0.499110  0.470611 
286 37.699088 0.361531 0.359476 209.334434 0.500400  0.471772 
287 37.963179 0.362734 0.360675 209.995163 0.501669  0.472996 
288 38.228191 0.363945 0.361881 210.675437 0.502951  0.474224 
289 38.494126 0.365171 0.363103 211.364052 0.504183  0.475468 
290 38.760982 0.366364 0.364292 212.046227 0.505548  0.476675 
291 39.028760 0.367612 0.365537 212.725136 0.506809  0.477938 
292 39.297460 0.368771 0.366699 213.366343 0.508026  0.479114 
293 39.567081 0.369931 0.367856 213.990889 0.509240  0.480284 
294 39.837625 0.371065 0.368990 214.631312 0.510500  0.481429 
295 40.109090 0.372258 0.370182 215.299912 0.511756  0.482631 
296 40.381477 0.373404 0.371325 215.927969 0.512889  0.483782 
297 40.654785 0.374568 0.372488 216.583152 0.514029  0.484952 
298 40.929016 0.375692 0.373610 217.221116 0.515282  0.486079 
299 41.204168 0.376886 0.374802 217.856195 0.516963  0.487273 
300 41.480242 0.378679 0.376591 218.806945 0.518882  0.489064 
301 41.757238 0.380635 0.378546 219.840662 0.520599  0.491017 
302 42.035156 0.382374 0.380284 220.782580 0.522381  0.492748 
303 42.313995 0.384233 0.382139 221.774970 0.524169  0.494592 
304 42.593756 0.386048 0.383948 222.726347 0.525953  0.496387 
305 42.874439 0.387936 0.385831 223.735599 0.527590  0.498250 
306 43.156044 0.389700 0.387589 224.684359 0.529404  0.499986 
307 43.438571 0.391581 0.389465 225.686410 0.531021  0.501835 
308 43.722019 0.393279 0.391160 226.598563 0.532775  0.503502 
309 44.006389 0.395152 0.393028 227.593816 0.534496  0.505334 
310 44.291681 0.396963 0.394831 228.579050 0.536217  0.507099 
311 44.577895 0.398765 0.396632 229.498784 0.537901  0.508859 
312 44.865030 0.400571 0.398431 230.461364 0.539488  0.510611 
313 45.153087 0.402238 0.400095 231.324521 0.541116  0.512231 
314 45.442066 0.404021 0.401877 232.266147 0.542740  0.513960 
315 45.731967 0.405795 0.403643 233.232865 0.544348  0.515670 
316 46.022790 0.407554 0.405397 234.180798 0.545886  0.517365 
317 46.314534 0.409241 0.407078 235.090961 0.547385  0.518987 
318 46.607200 0.410854 0.408688 235.943651 0.548917  0.520536 
319 46.900788 0.412519 0.410350 236.809402 0.550597  0.522134 
320 47.195298 0.414365 0.412191 237.802843 0.552218  0.523899 
321 47.490729 0.416086 0.413908 238.702987 0.553849  0.525541 
322 47.787083 0.417864 0.415682 239.649578 0.555281  0.527235 
323 48.084358 0.419434 0.417246 240.495247 0.556799  0.528725 
324 48.382555 0.421002 0.418809 241.318351 0.558139  0.530212 
325 48.681673 0.422501 0.420305 242.124058 0.559666  0.531631 
326 48.981714 0.424176 0.421974 243.012819 0.561095  0.533212 
327 49.282676 0.425801 0.423594 243.857928 0.562552  0.534744 
328 49.584560 0.427369 0.425158 244.675487 0.564030  0.536221 
329 49.887366 0.429031 0.426814 245.563756 0.565461  0.537780 
330 50.191093 0.430562 0.428342 246.346496 0.566907  0.539218 
331 50.495743 0.432101 0.429877 247.160790 0.568288  0.540658 
332 50.801314 0.433581 0.431352 247.943440 0.569616  0.542040 
333 51.107807 0.435063 0.432833 248.717190 0.570873  0.543425 
334 51.415221 0.436478 0.434244 249.467079 0.572274  0.544742 
335 51.723558 0.438079 0.435843 250.315834 0.573591  0.546233 
336 52.032816 0.439560 0.437318 251.111410 0.575008  0.547605 
337 52.342996 0.441173 0.438926 251.959739 0.576349  0.549099 
338 52.654098 0.442724 0.440475 252.785371 0.577755  0.550534 
339 52.966121 0.444306 0.442053 253.580365 0.579079  0.551994 
340 53.279067 0.445774 0.443517 254.355301 0.580403  0.553346 
341 53.592934 0.447215 0.444956 255.099867 0.581594  0.554673 
342 53.907723 0.448659 0.446393 255.889003 0.582829  0.555995 
343 54.223434 0.450093 0.447821 256.635783 0.584089  0.557308 
344 54.540066 0.451515 0.449239 257.397189 0.585310  0.558608 
345 54.857620 0.452922 0.450643 258.153988 0.586592  0.559894 
346 55.176097 0.454422 0.452138 258.936102 0.587834  0.561261 
347 55.495494 0.455805 0.453518 259.655667 0.588983  0.562521 
348 55.815814 0.457135 0.454845 260.360249 0.590199  0.563730 
349 56.137055 0.458523 0.456230 261.085517 0.591398  0.564990 
350 56.459219 0.459942 0.457646 261.845894 0.592703  0.566277 
351 56.782304 0.461449 0.459149 262.630914 0.593902  0.567640 
352 57.106310 0.462842 0.460537 263.355869 0.594977  0.568896 
353 57.431239 0.464104 0.461795 264.024290 0.596021  0.570033 
354 57.757089 0.465419 0.463105 264.726547 0.597158  0.571216 
355 58.083862 0.466751 0.464432 265.435713 0.598375  0.572412 
356 58.411555 0.468209 0.465887 266.189806 0.599461  0.573721 
357 58.740171 0.469515 0.467188 266.910087 0.600597  0.574889 
358 59.069709 0.470832 0.468505 267.583675 0.601724  0.576070 
359 59.400168 0.472191 0.469859 268.297135 0.602826  0.577283 
360 59.731549 0.473489 0.471154 268.971482 0.603873  0.578441 
361 60.063852 0.474775 0.472436 269.641626 0.605004  0.579586 
362 60.397076 0.476103 0.473761 270.334892 0.606123  0.580767 
363 60.731223 0.477461 0.475116 271.040705 0.607141  0.581973 
364 61.066291 0.478697 0.476347 271.695820 0.608209  0.583067 
365 61.402281 0.479995 0.477641 272.377883 0.609354  0.584215 
366 61.739193 0.481373 0.479015 273.084098 0.610374  0.585433 
367 62.077026 0.482625 0.480264 273.757998 0.611408  0.586538 
368 62.415781 0.483833 0.481469 274.382589 0.612426  0.587603 
369 62.755459 0.485069 0.482702 275.018070 0.613486  0.588691 
370 63.096057 0.486296 0.483926 275.654960 0.614531  0.589770 
371 63.437578 0.487541 0.485168 276.301914 0.615533  0.590862 
372 63.780021 0.488764 0.486385 276.957499 0.616522  0.591931 
373 64.123385 0.489965 0.487582 277.604766 0.617568  0.592982 
374 64.467671 0.491200 0.488814 278.224436 0.618562  0.594062 
375 64.812879 0.492423 0.490033 278.852851 0.619542  0.595128 
376 65.159008 0.493670 0.491278 279.519215 0.620628  0.596215 
377 65.506060 0.494952 0.492554 280.180973 0.621484  0.597329 
378 65.854033 0.495990 0.493591 280.708353 0.622474  0.598232 
379 66.202928 0.497211 0.494809 281.356245 0.623424  0.599292 
380 66.552744 0.498446 0.496040 282.030973 0.624303  0.600362 
381 66.903483 0.499543 0.497133 282.588990 0.625264  0.601311 
382 67.255143 0.500710 0.498298 283.194148 0.626139  0.602320 
383 67.607725 0.501877 0.499460 283.824284 0.627065  0.603326 
384 67.961229 0.503017 0.500600 284.416762 0.628005  0.604312 
385 68.315655 0.504194 0.501774 285.053115 0.628973  0.605325 
386 68.671002 0.505306 0.502884 285.601091 0.629856  0.606282 
387 69.027271 0.506446 0.504023 286.196163 0.630744  0.607263 
388 69.384462 0.507543 0.505116 286.783408 0.631685  0.608202 
389 69.742575 0.508678 0.506248 287.370049 0.632552  0.609175 
390 70.101609 0.509797 0.507362 287.949378 0.633468  0.610131 
391 70.461566 0.510952 0.508513 288.562966 0.634263  0.611117 
392 70.822444 0.511971 0.509529 289.094125 0.635212  0.611986 
393 71.184244 0.513167 0.510722 289.705835 0.635998  0.613005 
394 71.546965 0.514189 0.511740 290.252760 0.636848  0.613875 
395 71.910609 0.515242 0.512789 290.809748 0.637728  0.614769 
396 72.275174 0.516278 0.513824 291.344530 0.638547  0.615650 
397 72.640661 0.517312 0.514854 291.895682 0.639342  0.616526 
398 73.007070 0.518399 0.515938 292.482189 0.640158  0.617448 
399 73.374401 0.519469 0.517005 293.054920 0.640995  0.618352 
400 73.742653 0.520541 0.518074 293.610790 0.641798  0.619258 
401 74.111827 0.521570 0.519100 294.149374 0.642680  0.620127 
402 74.481923 0.522725 0.520252 294.752698 0.643532  0.621101 
403 74.852941 0.523754 0.521279 295.267778 0.644312  0.621968 
404 75.224880 0.524771 0.522292 295.803991 0.645088  0.622823 
405 75.597742 0.525783 0.523301 296.339780 0.645877  0.623673 
406 75.971525 0.526850 0.524366 296.907345 0.646713  0.624569 
407 76.346230 0.527959 0.525470 297.490386 0.647494  0.625497 
408 76.721856 0.528966 0.526474 298.003498 0.648264  0.626339 
409 77.098405 0.529947 0.527449 298.513055 0.648997  0.627157 
410 77.475875 0.530929 0.528428 299.023887 0.649767  0.627977 
411 77.854267 0.531965 0.529459 299.568889 0.650496  0.628840 
412 78.233581 0.532968 0.530459 300.096917 0.651324  0.629676 
413 78.613816 0.534018 0.531506 300.654643 0.652028  0.630550 
414 78.994973 0.534986 0.532471 301.163909 0.652858  0.631355 
415 79.377053 0.536042 0.533523 301.710007 0.653594  0.632230 
416 79.760053 0.537015 0.534492 302.226362 0.654396  0.633037 
417 80.143976 0.538032 0.535506 302.738312 0.655082  0.633879 
418 80.528821 0.538951 0.536421 303.229039 0.655792  0.634640 
419 80.914587 0.539917 0.537386 303.723143 0.656519  0.635440 
420 81.301275 0.540873 0.538339 304.226014 0.657266  0.636229 
421 81.688885 0.541829 0.539296 304.714371 0.658035  0.637021 
422 82.077416 0.542819 0.540283 305.235064 0.658714  0.637837 
423 82.466870 0.543753 0.541211 305.739768 0.659398  0.638603 
424 82.857245 0.544688 0.542142 306.239575 0.660071  0.639371 
425 83.248542 0.545595 0.543047 306.736519 0.660758  0.640117 
426 83.640761 0.546551 0.543999 307.246389 0.661513  0.640901 
427 84.033901 0.547565 0.545012 307.765025 0.662204  0.641734 
428 84.427963 0.548507 0.545954 308.243677 0.662857  0.642507 
429 84.822947 0.549388 0.546832 308.711662 0.663576  0.643228 
430 85.218853 0.550351 0.547793 309.205050 0.664274  0.644016 
431 85.615681 0.551275 0.548713 309.692803 0.664889  0.644769 
432 86.013430 0.552079 0.549512 310.116197 0.665570  0.645423 
433 86.412102 0.553015 0.550443 310.611486 0.666173  0.646184 
434 86.811695 0.553865 0.551288 311.067417 0.666851  0.646874 
435 87.212209 0.554794 0.552215 311.555372 0.667515  0.647631 
436 87.613646 0.555723 0.553141 312.047061 0.668132  0.648385 
437 88.016004 0.556536 0.553949 312.480674 0.668820  0.649043 
438 88.419284 0.557480 0.554888 312.985109 0.669405  0.649807 
439 88.823486 0.558300 0.555705 313.432453 0.670021  0.650470 
440 89.228610 0.559191 0.556592 313.911955 0.670663  0.651190 
441 89.634656 0.560074 0.557472 314.360640 0.671250  0.651904 
442 90.041623 0.560899 0.558295 314.797943 0.671885  0.652571 
443 90.449512 0.561705 0.559098 315.213107 0.672536  0.653221 
444 90.858323 0.562578 0.559968 315.656783 0.673193  0.653925 
445 91.268055 0.563437 0.560824 316.105849 0.673824  0.654617 
446 91.678710 0.564320 0.561704 316.572581 0.674521  0.655327 
447 92.090286 0.565235 0.562616 317.038016 0.675144  0.656063 
448 92.502784 0.566099 0.563477 317.492785 0.675728  0.656756 
449 92.916204 0.566914 0.564289 317.921880 0.676388  0.657409 
450 93.330545 0.567831 0.565201 318.406391 0.677110  0.658143 
451 93.745808 0.568758 0.566123 318.880481 0.677660  0.658884 
452 94.161994 0.569562 0.566922 319.318544 0.678212  0.659525 
453 94.579100 0.570355 0.567711 319.752917 0.678816  0.660158 
454 94.997129 0.571185 0.568537 320.185949 0.679406  0.660820 
455 95.416080 0.572012 0.569361 320.635574 0.679996  0.661480 
456 95.835952 0.572803 0.570152 321.035397 0.680580  0.662112 
457 96.256746 0.573674 0.571018 321.516217 0.681214  0.662804 
458 96.678462 0.574541 0.571882 321.964321 0.681813  0.663493 
459 97.101099 0.575344 0.572682 322.362244 0.682372  0.664132 
460 97.524659 0.576164 0.573498 322.809185 0.682958  0.664782 
461 97.949140 0.577008 0.574338 323.270707 0.683445  0.665451 
462 98.374543 0.577770 0.575096 323.690880 0.683983  0.666054 
463 98.800867 0.578574 0.575895 324.118634 0.684509  0.666689 
464 99.228114 0.579333 0.576652 324.522773 0.685075  0.667290 
465 99.656282 0.580093 0.577410 324.901552 0.685592  0.667892 
466 100.085372 0.580854 0.578168 325.322978 0.686154  0.668492 
467 100.515384 0.581655 0.578967 325.741563 0.686768  0.669125 
468 100.946318 0.582490 0.579798 326.160484 0.687290  0.669783 
469 101.378173 0.583271 0.580577 326.581484 0.687807  0.670399 
470 101.810950 0.583992 0.581293 326.964938 0.688358  0.670965 
471 102.244649 0.584768 0.582066 327.364716 0.688907  0.671575 
472 102.679270 0.585538 0.582831 327.772120 0.689448  0.672179 
473 103.114813 0.586307 0.583597 328.174112 0.689938  0.672783 
474 103.551277 0.587023 0.584311 328.544730 0.690461  0.673345 
475 103.988663 0.587782 0.585066 328.948488 0.690953  0.673938 
476 104.426971 0.588515 0.585795 329.341871 0.691470  0.674512 
477 104.866201 0.589240 0.586518 329.734426 0.691982  0.675080 
478 105.306352 0.589932 0.587207 330.085342 0.692528  0.675621 
479 105.747425 0.590645 0.587917 330.455266 0.692979  0.676178 
480 106.189420 0.591359 0.588627 330.847016 0.693461  0.676735 
481 106.632337 0.592062 0.589328 331.226511 0.694013  0.677283 
482 107.076176 0.592829 0.590092 331.617546 0.694477  0.677881 
483 107.520936 0.593538 0.590796 332.010839 0.694993  0.678431 
484 107.966618 0.594254 0.591508 332.386823 0.695470  0.678988 
485 108.413222 0.594923 0.592174 332.750173 0.695967  0.679508 
486 108.860748 0.595583 0.592832 333.076489 0.696436  0.680022 
487 109.309195 0.596275 0.593519 333.451758 0.696957  0.680557 
488 109.758565 0.597020 0.594263 333.851693 0.697471  0.681137 
489 110.208856 0.597738 0.594976 334.232016 0.697986  0.681692 
490 110.660069 0.598500 0.595735 334.627277 0.698524  0.682283 
491 111.112203 0.599240 0.596471 335.012541 0.699003  0.682855 
492 111.565260 0.599873 0.597103 335.326044 0.699469  0.683345 
493 112.019238 0.600545 0.597772 335.684608 0.699940  0.683864 
494 112.474138 0.601249 0.598475 336.054063 0.700412  0.684410 
495 112.929960 0.601909 0.599132 336.399701 0.700875  0.684919 
496 113.386703 0.602574 0.599794 336.752003 0.701383  0.685431 
497 113.844369 0.603300 0.600516 337.140175 0.701887  0.685990 
498 114.302956 0.604049 0.601260 337.542726 0.702322  0.686565 
499 114.762465 0.604736 0.601943 337.910548 0.702832  0.687094 
500 115.222895 0.605471 0.602678 338.281367 0.703412  0.687661 
501 115.684248 0.606284 0.603486 338.707511 0.703850  0.688284 
502 116.146522 0.606961 0.604158 339.074103 0.704320  0.688802 
503 116.609718 0.607679 0.604874 339.453889 0.704760  0.689354 
504 117.073836 0.608352 0.605543 339.811580 0.705196  0.689869 
505 117.538875 0.609002 0.606188 340.168556 0.705589  0.690365 
506 118.004837 0.609623 0.606805 340.508895 0.706074  0.690839 
507 118.471720 0.610339 0.607519 340.878930 0.706510  0.691388 
508 118.939525 0.610994 0.608170 341.230405 0.706981  0.691887 
509 119.408252 0.611724 0.608896 341.624526 0.707453  0.692444 
510 119.877900 0.612426 0.609594 341.995076 0.707903  0.692979 
511 120.348471 0.613076 0.610240 342.351515 0.708317  0.693473 
512 120.819963 0.613673 0.610835 342.660971 0.708782  0.693929 
513 121.292376 0.614364 0.611523 343.042389 0.709262  0.694455 
514 121.765712 0.615063 0.612220 343.407281 0.709627  0.694988 
515 122.239970 0.615655 0.612808 343.740240 0.709995  0.695437 
516 122.715149 0.616250 0.613398 344.073892 0.710386  0.695887 
517 123.191250 0.616837 0.613982 344.382922 0.710785  0.696333 
518 123.668273 0.617504 0.614647 344.752175 0.711202  0.696839 
519 124.146217 0.618135 0.615274 345.083613 0.711588  0.697317 
520 124.625084 0.618734 0.615871 345.402818 0.712030  0.697771 
521 125.104872 0.619397 0.616529 345.750223 0.712446  0.698272 
522 125.585582 0.620062 0.617188 346.122339 0.712847  0.698773 
523 126.067213 0.620695 0.617820 346.466568 0.713268  0.699252 
524 126.549767 0.621328 0.618450 346.801137 0.713674  0.699731 
525 127.033242 0.621930 0.619049 347.127722 0.714104  0.700185 
526 127.517639 0.622544 0.619660 347.441963 0.714518  0.700649 
527 128.002958 0.623173 0.620287 347.774765 0.714886  0.701124 
528 128.489199 0.623733 0.620845 348.066039 0.715229  0.701546 
529 128.976361 0.624301 0.621409 348.385692 0.715601  0.701973 
530 129.464445 0.624893 0.621997 348.710667 0.715978  0.702418 
531 129.953451 0.625490 0.622591 349.026652 0.716379  0.702866 
532 130.443379 0.626130 0.623226 349.381347 0.716788  0.703346 
533 130.934228 0.626732 0.623825 349.705427 0.717224  0.703798 
534 131.426000 0.627416 0.624503 350.085951 0.717600  0.704310 
535 131.918693 0.627972 0.625056 350.377181 0.718009  0.704727 
536 132.412308 0.628632 0.625713 350.737243 0.718394  0.705221 
537 132.906844 0.629236 0.626313 351.060586 0.718780  0.705673 
538 133.402303 0.629828 0.626902 351.368654 0.719151  0.706116 
539 133.898683 0.630425 0.627495 351.705661 0.719514  0.706562 
540 134.395985 0.631000 0.628066 352.026655 0.719925  0.706991 
541 134.894209 0.631593 0.628656 352.348991 0.720330  0.707434 
542 135.393354 0.632187 0.629246 352.663411 0.720740  0.707877 
543 135.893422 0.632781 0.629838 352.975662 0.721143  0.708321 
544 136.394411 0.633412 0.630465 353.310051 0.721451  0.708791 
545 136.896322 0.633902 0.630951 353.583234 0.721816  0.709155 
546 137.399155 0.634461 0.631507 353.875985 0.722188  0.709571 
547 137.902909 0.635048 0.632090 354.196420 0.722582  0.710008 
548 138.407585 0.635674 0.632713 354.531011 0.722957  0.710473 
549 138.913183 0.636227 0.633262 354.819892 0.723336  0.710884 
550 139.419703 0.636775 0.633808 355.098107 0.723700  0.711291 
551 139.927145 0.637358 0.634387 355.412929 0.724041  0.711724 
552 140.435508 0.637882 0.634908 355.697450 0.724421  0.712112 
553 140.944794 0.638459 0.635481 356.013681 0.724763  0.712539 
554 141.455000 0.638996 0.636014 356.310032 0.725149  0.712936 
555 141.966129 0.639595 0.636610 356.625212 0.725456  0.713380 
556 142.478180 0.640126 0.637138 356.921809 0.725825  0.713773 
557 142.991152 0.640680 0.637689 357.197608 0.726211  0.714183 
558 143.505046 0.641279 0.638285 357.515942 0.726580  0.714626 
559 144.019862 0.641840 0.638843 357.827745 0.726932  0.715041 
560 144.535600 0.642381 0.639378 358.122239 0.727270  0.715438 
561 145.052259 0.642934 0.639927 358.433573 0.727679  0.715845 
562 145.569841 0.643543 0.640532 358.766509 0.728014  0.716294 
563 146.088344 0.644053 0.641038 359.032447 0.728355  0.716669 
564 146.607768 0.644581 0.641564 359.324571 0.728679  0.717058 
565 147.128115 0.645130 0.642108 359.630806 0.729040  0.717461 
566 147.649383 0.645676 0.642652 359.914365 0.729304  0.717863 
567 148.171574 0.646144 0.643117 360.183903 0.729648  0.718207 
568 148.694685 0.646697 0.643666 360.474596 0.729967  0.718613 
569 149.218719 0.647192 0.644158 360.735054 0.730315  0.718976 
570 149.743675 0.647743 0.644706 361.024540 0.730679  0.719381 
571 150.269552 0.648301 0.645261 361.324782 0.731012  0.719791 
572 150.796351 0.648818 0.645774 361.614871 0.731387  0.720169 
573 151.324072 0.649442 0.646393 361.967486 0.731697  0.720625 
574 151.852715 0.649937 0.646885 362.230673 0.732081  0.720987 
575 152.382279 0.650497 0.647443 362.523625 0.732418  0.721398 
576 152.912765 0.651019 0.647960 362.803158 0.732742  0.721779 
577 153.444173 0.651538 0.648476 363.088194 0.733087  0.722158 
578 153.976503 0.652058 0.648993 363.362830 0.733430  0.722538 
579 154.509755 0.652533 0.649465 363.607165 0.733716  0.722885 
580 155.043928 0.653033 0.649959 363.889204 0.734053  0.723248 
581 155.579023 0.653569 0.650492 364.186046 0.734350  0.723639 
582 156.115040 0.654040 0.650960 364.453639 0.734689  0.723982 
583 156.651979 0.654554 0.651471 364.728588 0.735036  0.724357 
584 157.189839 0.655146 0.652058 365.062978 0.735326  0.724787 
585 157.728621 0.655658 0.652567 365.359127 0.735647  0.725159 
586 158.268325 0.656187 0.653091 365.656149 0.735918  0.725543 
587 158.808951 0.656702 0.653600 365.960416 0.736253  0.725915 
588 159.350499 0.657233 0.654128 366.247129 0.736560  0.726301 
589 159.892968 0.657697 0.654587 366.501952 0.736858  0.726637 
590 160.436359 0.658172 0.655059 366.762298 0.737142  0.726981 
591 160.980672 0.658626 0.655510 367.008512 0.737398  0.727310 
592 161.525907 0.659034 0.655913 367.237730 0.737690  0.727605 
593 162.072064 0.659490 0.656368 367.478845 0.737970  0.727936 
594 162.619142 0.659978 0.656853 367.755561 0.738270  0.728290 
595 163.167142 0.660475 0.657345 368.029594 0.738559  0.728648 
596 163.716064 0.660912 0.657778 368.260220 0.738856  0.728964 
597 164.265908 0.661351 0.658215 368.483288 0.739137  0.729282 
598 164.816673 0.661824 0.658686 368.739565 0.739421  0.729624 
599 165.368360 0.662292 0.659149 369.008723 0.739707  0.729961 
600 165.920969 0.662739 0.659594 369.243263 0.739970  0.730285 
601 166.474500 0.663219 0.660070 369.522394 0.740307  0.730630 
602 167.028953 0.663741 0.660589 369.803046 0.740584  0.731007 
603 167.584327 0.664161 0.661007 370.017460 0.740897  0.731310 
604 168.140623 0.664668 0.661509 370.292768 0.741187  0.731675 
605 168.697841 0.665117 0.661955 370.531937 0.741501  0.731998 
606 169.255981 0.665571 0.662407 370.768378 0.741814  0.732326 
607 169.815042 0.666051 0.662884 371.029485 0.742146  0.732671 
608 170.375025 0.666541 0.663371 371.285762 0.742439  0.733024 
609 170.935930 0.666993 0.663819 371.531349 0.742729  0.733348 
610 171.497757 0.667434 0.664257 371.761618 0.742997  0.733665 
611 172.060506 0.667915 0.664735 372.034063 0.743277  0.734010 
612 172.624176 0.668354 0.665173 372.271980 0.743572  0.734327 
613 173.188769 0.668827 0.665644 372.525126 0.743861  0.734667 
614 173.754282 0.669288 0.666103 372.771496 0.744150  0.734998 
615 174.320718 0.669715 0.666527 372.997918 0.744436  0.735305 
616 174.888076 0.670188 0.666996 373.257326 0.744776  0.735643 
617 175.456355 0.670686 0.667493 373.509063 0.745060  0.736001 
618 176.025556 0.671120 0.667925 373.736022 0.745333  0.736312 
619 176.595679 0.671533 0.668336 373.961662 0.745620  0.736609 
620 177.166724 0.671991 0.668791 374.206847 0.745908  0.736936 
621 177.738690 0.672474 0.669270 374.465047 0.746227  0.737281 
622 178.311578 0.672962 0.669754 374.727719 0.746554  0.737628 
623 178.885388 0.673450 0.670239 374.978741 0.746804  0.737977 
624 179.460120 0.673877 0.670664 375.220616 0.747110  0.738283 
625 180.035774 0.674362 0.671145 375.494559 0.747340  0.738628 
626 180.612349 0.674796 0.671575 375.747168 0.747611  0.738937 
627 181.189846 0.675204 0.671980 375.956931 0.747891  0.739227 
628 181.768265 0.675655 0.672428 376.198985 0.748181  0.739549 
629 182.347606 0.676128 0.672899 376.448731 0.748466  0.739886 
630 182.927869 0.676585 0.673350 376.694632 0.748748  0.740209 
631 183.509053 0.677053 0.673814 376.951043 0.749020  0.740542 
632 184.091159 0.677502 0.674260 377.196317 0.749311  0.740861 
633 184.674187 0.677987 0.674741 377.460734 0.749613  0.741205 
634 185.258136 0.678472 0.675224 377.715445 0.749878  0.741551 
635 185.843008 0.678895 0.675643 377.941890 0.750172  0.741850 
636 186.428801 0.679343 0.676089 378.183855 0.750434  0.742169 
637 187.015516 0.679775 0.676517 378.421749 0.750726  0.742475 
638 187.603153 0.680249 0.676986 378.679010 0.750996  0.742809 
639 188.191711 0.680712 0.677447 378.931932 0.751210  0.743138 
640 188.781192 0.681127 0.677858 379.165757 0.751485  0.743432 
641 189.371594 0.681556 0.678285 379.396987 0.751785  0.743736 
642 189.962918 0.682008 0.678737 379.623656 0.752039  0.744058 
643 190.555163 0.682418 0.679146 379.844018 0.752305  0.744349 
644 191.148331 0.682862 0.679588 380.081018 0.752590  0.744664 
645 191.742420 0.683313 0.680038 380.323474 0.752857  0.744984 
646 192.337431 0.683726 0.680446 380.546252 0.753126  0.745275 
647 192.933364 0.684199 0.680917 380.807046 0.753353  0.745609 
648 193.530218 0.684575 0.681289 381.013633 0.753615  0.745873 
649 194.127995 0.685014 0.681723 381.262038 0.753917  0.746182 
650 194.726693 0.685480 0.682185 381.507401 0.754155  0.746510 
651 195.326313 0.685895 0.682597 381.742657 0.754449  0.746802 
652 195.926855 0.686359 0.683057 381.993164 0.754738  0.747128 
653 196.528318 0.686834 0.683529 382.246355 0.755004  0.747463 
654 197.130703 0.687268 0.683959 382.481969 0.755271  0.747768 
655 197.734011 0.687657 0.684345 382.684575 0.755543  0.748042 
656 198.338239 0.688089 0.684773 382.917147 0.755785  0.748345 
657 198.943390 0.688489 0.685171 383.141713 0.756060  0.748626 
658 199.549463 0.688899 0.685578 383.362165 0.756255  0.748914 
659 200.156457 0.689270 0.685946 383.582572 0.756524  0.749175 
660 200.764373 0.689717 0.686391 383.817873 0.756758  0.749489 
661 201.373210 0.690078 0.686750 384.006569 0.757027  0.749743 
662 201.982970 0.690522 0.687190 384.244061 0.757287  0.750054 
663 202.593651 0.690932 0.687598 384.462590 0.757483  0.750342 
664 203.205255 0.691313 0.687976 384.677674 0.757731  0.750609 
665 203.817779 0.691702 0.688360 384.894637 0.757965  0.750880 
666 204.431226 0.692100 0.688754 385.119919 0.758177  0.751157 
667 205.045595 0.692456 0.689108 385.310629 0.758407  0.751407 
668 205.660885 0.692815 0.689465 385.505050 0.758681  0.751658 
669 206.277097 0.693293 0.689939 385.776354 0.758896  0.751992 
670 206.894231 0.693602 0.690245 385.932759 0.759160  0.752208 
671 207.512286 0.694034 0.690674 386.163095 0.759388  0.752510 
672 208.131264 0.694424 0.691061 386.386857 0.759595  0.752782 
673 208.751163 0.694786 0.691419 386.584275 0.759828  0.753034 
674 209.371984 0.695181 0.691814 386.798196 0.760033  0.753311 
675 209.993727 0.695511 0.692141 386.976338 0.760256  0.753542 
676 210.616391 0.695895 0.692523 387.183730 0.760490  0.753810 
677 211.239977 0.696256 0.692882 387.383652 0.760697  0.754061 
678 211.864486 0.696593 0.693217 387.560989 0.760936  0.754297 
679 212.489915 0.696948 0.693570 387.741322 0.761170  0.754544 
680 213.116267 0.697326 0.693944 387.954125 0.761355  0.754807 
681 213.743541 0.697630 0.694245 388.118804 0.761578  0.755018 
682 214.371736 0.697991 0.694605 388.310229 0.761758  0.755270 
683 215.000853 0.698348 0.694959 388.519723 0.761973  0.755518 
684 215.630892 0.698712 0.695320 388.719959 0.762154  0.755772 
685 216.261852 0.699022 0.695630 388.886024 0.762356  0.755988 
686 216.893734 0.699384 0.695988 389.093595 0.762591  0.756239 
687 217.526539 0.699753 0.696354 389.290163 0.762791  0.756495 
688 218.160265 0.700107 0.696704 389.496124 0.763025  0.756740 
689 218.794912 0.700464 0.697058 389.684776 0.763226  0.756988 
690 219.430482 0.700799 0.697390 389.866227 0.763418  0.757220 
691 220.066973 0.701099 0.697689 390.025807 0.763605  0.757429 
692 220.704386 0.701383 0.697971 390.171567 0.763818  0.757626 
693 221.342721 0.701733 0.698318 390.355344 0.764011  0.757868 
694 221.981978 0.702051 0.698634 390.529863 0.764190  0.758088 
695 222.622156 0.702342 0.698924 390.683092 0.764391  0.758291 
696 223.263256 0.702686 0.699265 390.876485 0.764574  0.758529 
697 223.905278 0.702992 0.699568 391.048096 0.764777  0.758740 
698 224.548222 0.703334 0.699907 391.232947 0.764982  0.758976 
699 225.192087 0.703662 0.700231 391.413816 0.765191  0.759202 
700 225.836875 0.704036 0.700603 391.626262 0.765373  0.759461 
701 226.482584 0.704346 0.700910 391.796755 0.765590  0.759675 
702 227.129215 0.704700 0.701260 391.992161 0.765741  0.759919 
703 227.776767 0.704972 0.701528 392.144227 0.765892  0.760106 
704 228.425242 0.705225 0.701777 392.290569 0.766070  0.760279 
705 229.074638 0.705516 0.702065 392.453414 0.766232  0.760479 
706 229.724956 0.705817 0.702362 392.631466 0.766413  0.760686 
707 230.376196 0.706134 0.702677 392.815332 0.766605  0.760904 
708 231.028357 0.706455 0.702994 392.991238 0.766793  0.761125 
709 231.681441 0.706765 0.703302 393.171526 0.766979  0.761339 
710 232.335446 0.707095 0.703629 393.360938 0.767157  0.761566 
711 232.990373 0.707374 0.703905 393.520608 0.767326  0.761758 
712 233.646222 0.707666 0.704195 393.678041 0.767492  0.761959 
713 234.302992 0.707954 0.704480 393.847909 0.767659  0.762157 
714 234.960684 0.708253 0.704776 394.017999 0.767803  0.762362 
715 235.619299 0.708488 0.705010 394.147122 0.767964  0.762525 
716 236.278834 0.708767 0.705287 394.301737 0.768155  0.762717 
717 236.939292 0.709034 0.705553 394.433812 0.768310  0.762901 
718 237.600671 0.709282 0.705799 394.570627 0.768454  0.763071 
719 238.262973 0.709556 0.706070 394.730654 0.768620  0.763259 
720 238.926196 0.709842 0.706356 394.888267 0.768787  0.763457 
721 239.590340 0.710116 0.706626 395.047087 0.768956  0.763644 
722 240.255407 0.710407 0.706914 395.209887 0.769105  0.763844 
723 240.921395 0.710674 0.707178 395.365979 0.769298  0.764026 
724 241.588305 0.710949 0.707450 395.506283 0.769476  0.764214 
725 242.256137 0.711254 0.707754 395.681383 0.769652  0.764425 
726 242.924891 0.711553 0.708052 395.844899 0.769811  0.764630 
727 243.594566 0.711822 0.708318 395.991241 0.769989  0.764814 
728 244.265164 0.712108 0.708601 396.149435 0.770134  0.765010 
729 244.936683 0.712346 0.708838 396.282090 0.770342  0.765174 
730 245.609124 0.712674 0.709162 396.456206 0.770501  0.765398 
731 246.282486 0.712972 0.709458 396.628802 0.770671  0.765602 
732 246.956771 0.713261 0.709744 396.792407 0.770824  0.765799 
733 247.631977 0.713547 0.710029 396.955297 0.770987  0.765996 
734 248.308105 0.713819 0.710299 397.104099 0.771106  0.766182 
735 248.985154 0.714035 0.710513 397.234876 0.771251  0.766330 
736 249.663126 0.714302 0.710778 397.385467 0.771441  0.766513 
737 250.342019 0.714583 0.711057 397.533508 0.771601  0.766705 
738 251.021834 0.714901 0.711374 397.717866 0.771715  0.766923 
739 251.702571 0.715129 0.711600 397.851371 0.771886  0.767079 
740 252.384230 0.715394 0.711863 397.981791 0.772045  0.767260 
741 253.066810 0.715661 0.712128 398.128982 0.772161  0.767443 
742 253.750312 0.715904 0.712367 398.278768 0.772322  0.767607 
743 254.434736 0.716175 0.712636 398.435799 0.772467  0.767792 
744 255.120082 0.716413 0.712872 398.573329 0.772618  0.767954 
745 255.806350 0.716634 0.713090 398.689079 0.772756  0.768105 
746 256.493539 0.716903 0.713356 398.856352 0.772879  0.768288 
747 257.181650 0.717122 0.713573 398.974561 0.773029  0.768437 
748 257.870683 0.717386 0.713835 399.120053 0.773139  0.768617 
749 258.560638 0.717607 0.714052 399.257942 0.773278  0.768766 
750 259.251514 0.717867 0.714309 399.410903 0.773438  0.768943 
751 259.943313 0.718124 0.714564 399.555902 0.773578  0.769118 
752 260.636033 0.718340 0.714777 399.672949 0.773741  0.769264 
753 261.329674 0.718582 0.715019 399.801669 0.773870  0.769430 
754 262.024238 0.718803 0.715239 399.917865 0.774027  0.769581 
755 262.719723 0.719043 0.715478 400.049537 0.774188  0.769745 
756 263.416131 0.719245 0.715678 400.147128 0.774342  0.769883 
757 264.113460 0.719473 0.715906 400.260730 0.774473  0.770039 
758 264.811710 0.719691 0.716123 400.377151 0.774611  0.770187 
759 265.510883 0.719929 0.716358 400.518304 0.774742  0.770348 
760 266.210977 0.720177 0.716603 400.662678 0.774871  0.770516 
761 266.911993 0.720407 0.716830 400.800611 0.775032  0.770672 
762 267.613931 0.720659 0.717080 400.938589 0.775148  0.770844 
763 268.316791 0.720871 0.717289 401.061674 0.775308  0.770986 
764 269.020572 0.721125 0.717541 401.197281 0.775439  0.771159 
765 269.725276 0.721324 0.717738 401.307440 0.775558  0.771294 
766 270.430901 0.721543 0.717955 401.425604 0.775670  0.771443 
767 271.137447 0.721751 0.718161 401.550433 0.775798  0.771584 
768 271.844916 0.722009 0.718415 401.708627 0.775933  0.771757 
769 272.553306 0.722246 0.718651 401.839628 0.776069  0.771918 
770 273.262618 0.722453 0.718856 401.947953 0.776178  0.772059 
771 273.972852 0.722666 0.719068 402.074168 0.776310  0.772204 
772 274.684008 0.722904 0.719305 402.208299 0.776430  0.772366 
773 275.396086 0.723127 0.719526 402.335767 0.776541  0.772517 
774 276.109085 0.723346 0.719742 402.464800 0.776641  0.772664 
775 276.823006 0.723547 0.719940 402.593654 0.776784  0.772800 
776 277.537849 0.723765 0.720156 402.717767 0.776895  0.772947 
777 278.253613 0.723957 0.720347 402.827165 0.777034  0.773078 
778 278.970300 0.724185 0.720573 402.948103 0.777176  0.773232 
779 279.687908 0.724420 0.720805 403.085499 0.777280  0.773391 
780 280.406438 0.724636 0.721019 403.216858 0.777410  0.773536 
781 281.125890 0.724840 0.721222 403.324333 0.777545  0.773675 
782 281.846263 0.725085 0.721464 403.467231 0.777665  0.773840 
783 282.567559 0.725318 0.721695 403.606282 0.777793  0.773998 
784 283.289776 0.725544 0.721919 403.727578 0.777932  0.774150 
785 284.012915 0.725748 0.722121 403.836663 0.778041  0.774288 
786 284.736975 0.725944 0.722317 403.952636 0.778158  0.774421 
787 285.461958 0.726138 0.722508 404.063466 0.778273  0.774552 
788 286.187862 0.726362 0.722730 404.196524 0.778359  0.774703 
789 286.914688 0.726541 0.722907 404.309500 0.778487  0.774823 
790 287.642436 0.726748 0.723112 404.416662 0.778584  0.774963 
791 288.371105 0.726896 0.723260 404.499270 0.778718  0.775064 
792 289.100697 0.727092 0.723457 404.594893 0.778820  0.775198 
793 289.831210 0.727289 0.723652 404.711940 0.778944  0.775330 
794 290.562645 0.727505 0.723866 404.838468 0.779062  0.775476 
795 291.295002 0.727704 0.724063 404.953054 0.779185  0.775610 
796 292.028280 0.727905 0.724262 405.073098 0.779308  0.775745 
797 292.762480 0.728087 0.724442 405.172120 0.779416  0.775868 
798 293.497602 0.728269 0.724623 405.272707 0.779522  0.775991 
799 294.233646 0.728456 0.724808 405.379869 0.779643  0.776117 
800 294.970612 0.728638 0.724986 405.488284 0.779755  0.776238 
801 295.708499 0.728825 0.725172 405.591644 0.779839  0.776364 
802 296.447309 0.728985 0.725332 405.689995 0.779936  0.776473 
803 297.187039 0.729157 0.725502 405.785126 0.780023  0.776588 
804 297.927692 0.729371 0.725713 405.923865 0.780140  0.776732 
805 298.669267 0.729548 0.725889 406.019443 0.780240  0.776851 
806 299.411763 0.729744 0.726082 406.143824 0.780343  0.776982 
807 300.155181 0.729902 0.726239 406.229742 0.780451  0.777089 
808 300.899521 0.730103 0.726438 406.346207 0.780576  0.777224 
809 301.644783 0.730331 0.726664 406.486555 0.780651  0.777377 
810 302.390966 0.730475 0.726805 406.570997 0.780749  0.777473 
811 303.138072 0.730674 0.727002 406.693724 0.780860  0.777607 
812 303.886099 0.730885 0.727211 406.818418 0.780975  0.777748 
813 304.635047 0.731079 0.727402 406.927593 0.781065  0.777878 
814 305.384918 0.731220 0.727540 407.010156 0.781178  0.777971 
815 306.135710 0.731402 0.727719 407.117944 0.781297  0.778093 
816 306.887425 0.731559 0.727877 407.195632 0.781400  0.778199 
817 307.640061 0.731744 0.728060 407.299708 0.781515  0.778323 
818 308.393618 0.731930 0.728244 407.405305 0.781653  0.778448 
819 309.148098 0.732127 0.728439 407.505848 0.781784  0.778580 
820 309.903499 0.732343 0.728653 407.628217 0.781871  0.778725 
821 310.659822 0.732496 0.728804 407.711987 0.781977  0.778827 
822 311.417067 0.732661 0.728970 407.796742 0.782076  0.778939 
823 312.175234 0.732896 0.729203 407.951313 0.782160  0.779097 
824 312.934322 0.733025 0.729330 408.024842 0.782279  0.779183 
825 313.694332 0.733234 0.729536 408.144930 0.782372  0.779323 
826 314.455264 0.733408 0.729709 408.251018 0.782452  0.779440 
827 315.217118 0.733564 0.729862 408.344673 0.782570  0.779543 
828 315.979894 0.733763 0.730060 408.451165 0.782666  0.779677 
829 316.743591 0.733903 0.730199 408.526482 0.782760  0.779771 
830 317.508210 0.734085 0.730379 408.635612 0.782868  0.779893 
831 318.273751 0.734304 0.730595 408.768134 0.782953  0.780039 
832 319.040214 0.734473 0.730761 408.879455 0.783025  0.780151 
833 319.807598 0.734646 0.730931 408.993818 0.783125  0.780266 
834 320.575905 0.734801 0.731085 409.077902 0.783213  0.780370 
835 321.345133 0.734942 0.731224 409.158855 0.783292  0.780464 
836 322.115282 0.735099 0.731381 409.251571 0.783401  0.780570 
837 322.886354 0.735245 0.731526 409.327604 0.783475  0.780667 
838 323.658347 0.735413 0.731692 409.422109 0.783567  0.780779 
839 324.431263 0.735570 0.731847 409.513528 0.783660  0.780884 
840 325.205100 0.735740 0.732014 409.620153 0.783748  0.780997 
841 325.979858 0.735905 0.732179 409.713898 0.783853  0.781109 
842 326.755539 0.736063 0.732336 409.800889 0.783945  0.781214 
843 327.532141 0.736230 0.732501 409.905323 0.784056  0.781325 
844 328.309665 0.736400 0.732669 409.998128 0.784137  0.781439 
845 329.088111 0.736551 0.732818 410.086729 0.784264  0.781539 
846 329.867479 0.736725 0.732991 410.176001 0.784349  0.781656 
847 330.647768 0.736881 0.733147 410.262366 0.784438  0.781761 
848 331.428980 0.737026 0.733290 410.345600 0.784517  0.781857 
849 332.211113 0.737191 0.733452 410.444756 0.784646  0.781967 
850 332.994167 0.737385 0.733646 410.545254 0.784725  0.782097 
851 333.778144 0.737545 0.733803 410.643203 0.784806  0.782203 
852 334.563042 0.737706 0.733962 410.734890 0.784895  0.782311 
853 335.348862 0.737863 0.734118 410.829797 0.784988  0.782415 
854 336.135604 0.738021 0.734274 410.910393 0.785091  0.782520 
855 336.923268 0.738196 0.734447 411.010309 0.785182  0.782637 
856 337.711854 0.738363 0.734613 411.107319 0.785300  0.782749 
857 338.501361 0.738550 0.734798 411.207056 0.785379  0.782873 
858 339.291790 0.738691 0.734936 411.295166 0.785453  0.782966 
859 340.083141 0.738834 0.735078 411.383140 0.785524  0.783061 
860 340.875413 0.738979 0.735221 411.478987 0.785637  0.783158 
861 341.668608 0.739142 0.735384 411.565352 0.785735  0.783267 
862 342.462724 0.739283 0.735522 411.644561 0.785848  0.783360 
863 343.257762 0.739487 0.735724 411.756956 0.785950  0.783496 
864 344.053722 0.739671 0.735907 411.860316 0.786034  0.783619 
865 344.850603 0.739826 0.736060 411.956699 0.786125  0.783722 
866 345.648407 0.739977 0.736210 412.038681 0.786190  0.783822 
867 346.447132 0.740117 0.736349 412.123302 0.786252  0.783916 
868 347.246779 0.740251 0.736481 412.206625 0.786319  0.784004 
869 348.047347 0.740394 0.736624 412.283687 0.786414  0.784100 
870 348.848838 0.740540 0.736768 412.360302 0.786507  0.784197 
871 349.651250 0.740719 0.736947 412.471310 0.786587  0.784317 
872 350.454584 0.740862 0.737089 412.557362 0.786673  0.784413 
873 351.258840 0.741025 0.737250 412.651196 0.786735  0.784521 
874 352.064017 0.741166 0.737388 412.742033 0.786836  0.784614 
875 352.870117 0.741331 0.737551 412.831350 0.786922  0.784723 
876 353.677138 0.741486 0.737705 412.923305 0.786985  0.784826 
877 354.485081 0.741619 0.737837 413.004437 0.787077  0.784915 
878 355.293946 0.741753 0.737970 413.077116 0.787186  0.785004 
879 356.103732 0.741930 0.738144 413.179493 0.787279  0.785121 
880 356.914440 0.742078 0.738291 413.263532 0.787368  0.785219 
881 357.726070 0.742246 0.738457 413.359334 0.787457  0.785331 
882 358.538622 0.742408 0.738618 413.457059 0.787508  0.785438 
883 359.352096 0.742515 0.738723 413.519227 0.787606  0.785509 
884 360.166491 0.742675 0.738882 413.604608 0.787679  0.785616 
885 360.981809 0.742821 0.739026 413.687842 0.787775  0.785712 
886 361.798048 0.743007 0.739210 413.805693 0.787877  0.785835 
887 362.615208 0.743163 0.739365 413.882934 0.787951  0.785939 
888 363.433291 0.743289 0.739490 413.957089 0.788015  0.786023 
889 364.252295 0.743408 0.739607 414.032094 0.788088  0.786101 
890 365.072221 0.743578 0.739774 414.144846 0.788193  0.786213 
891 365.893069 0.743757 0.739953 414.246507 0.788267  0.786333 
892 366.714839 0.743891 0.740085 414.322406 0.788349  0.786421 
893 367.537530 0.744027 0.740219 414.399513 0.788459  0.786511 
894 368.361144 0.744184 0.740376 414.484312 0.788544  0.786616 
895 369.185679 0.744298 0.740490 414.537625 0.788608  0.786692 
896 370.011136 0.744427 0.740618 414.608560 0.788668  0.786778 
897 370.837514 0.744553 0.740742 414.687903 0.788726  0.786861 
898 371.664815 0.744696 0.740883 414.782586 0.788837  0.786955 
899 372.493037 0.744861 0.741047 414.865999 0.788912  0.787065 
900 373.322181 0.744985 0.741170 414.934384 0.788984  0.787147 
901 374.152246 0.745126 0.741309 415.017350 0.789061  0.787240 
902 374.983234 0.745259 0.741441 415.090163 0.789127  0.787329 
903 375.815143 0.745393 0.741572 415.175365 0.789227  0.787416 
904 376.647974 0.745541 0.741720 415.251801 0.789284  0.787515 
905 377.481727 0.745652 0.741830 415.316876 0.789352  0.787588 
906 378.316402 0.745803 0.741979 415.406819 0.789456  0.787688 
907 379.151998 0.745980 0.742155 415.510582 0.789523  0.787805 
908 379.988516 0.746082 0.742256 415.567339 0.789589  0.787873 
909 380.825956 0.746179 0.742352 415.621188 0.789678  0.787937 
910 381.664318 0.746312 0.742484 415.695030 0.789755  0.788025 
911 382.503602 0.746434 0.742605 415.759927 0.789821  0.788106 
912 383.343807 0.746557 0.742729 415.831800 0.789926  0.788189 
913 384.184934 0.746720 0.742892 415.916331 0.790033  0.788298 
914 385.026983 0.746887 0.743059 416.005246 0.790098  0.788409 
915 385.869954 0.747001 0.743171 416.074704 0.790178  0.788484 
916 386.713846 0.747132 0.743301 416.148948 0.790228  0.788570 
917 387.558661 0.747251 0.743420 416.218675 0.790301  0.788650 
918 388.404397 0.747375 0.743542 416.288223 0.790378  0.788731 
919 389.251055 0.747526 0.743693 416.379642 0.790457  0.788832 
920 390.098634 0.747644 0.743811 416.449101 0.790530  0.788911 
921 390.947136 0.747785 0.743951 416.533408 0.790611  0.789004 
922 391.796559 0.747945 0.744108 416.631402 0.790683  0.789109 
923 392.646904 0.748062 0.744223 416.697327 0.790763  0.789185 
924 393.498171 0.748198 0.744357 416.779890 0.790861  0.789275 
925 394.350359 0.748343 0.744502 416.855789 0.790960  0.789372 
926 395.203469 0.748484 0.744642 416.928557 0.791035  0.789465 
927 396.057501 0.748637 0.744793 417.020692 0.791092  0.789565 
928 396.912455 0.748761 0.744916 417.096233 0.791158  0.789647 
929 397.768331 0.748884 0.745038 417.171595 0.791235  0.789728 
930 398.625128 0.748996 0.745148 417.232824 0.791300  0.789802 
931 399.482848 0.749127 0.745278 417.312794 0.791357  0.789888 
932 400.341489 0.749248 0.745397 417.385562 0.791422  0.789968 
933 401.201052 0.749358 0.745506 417.448312 0.791476  0.790040 
934 402.061536 0.749503 0.745649 417.550330 0.791558  0.790135 
935 402.922942 0.749639 0.745783 417.627213 0.791632  0.790225 
936 403.785271 0.749780 0.745922 417.707317 0.791671  0.790317 
937 404.648521 0.749882 0.746023 417.771363 0.791734  0.790384 
938 405.512692 0.749998 0.746139 417.835097 0.791796  0.790461 
939 406.377786 0.750132 0.746271 417.920389 0.791857  0.790549 
940 407.243801 0.750229 0.746366 417.973880 0.791924  0.790613 
941 408.110738 0.750340 0.746477 418.035243 0.791997  0.790686 
942 408.978597 0.750486 0.746622 418.118075 0.792063  0.790783 
943 409.847378 0.750607 0.746742 418.185879 0.792132  0.790862 
944 410.717080 0.750736 0.746869 418.257350 0.792181  0.790947 
945 411.587704 0.750852 0.746985 418.326227 0.792254  0.791024 
946 412.459250 0.750978 0.747110 418.398682 0.792333  0.791107 
947 413.331718 0.751100 0.747231 418.463489 0.792390  0.791188 
948 414.205107 0.751192 0.747322 418.520067 0.792453  0.791248 
949 415.079419 0.751299 0.747428 418.582996 0.792536  0.791318 
950 415.954652 0.751430 0.747558 418.657106 0.792603  0.791405 
951 416.830807 0.751534 0.747662 418.712789 0.792672  0.791474 
952 417.707883 0.751655 0.747783 418.784529 0.792752  0.791554 
953 418.585882 0.751811 0.747936 418.878631 0.792811  0.791656 
954 419.464802 0.751922 0.748045 418.944959 0.792868  0.791728 
955 420.344644 0.752029 0.748152 419.005293 0.792929  0.791799 
956 421.225408 0.752148 0.748271 419.073410 0.793015  0.791878 
957 422.107094 0.752255 0.748376 419.130927 0.793067  0.791948 
958 422.989701 0.752364 0.748483 419.199312 0.793116  0.792019 
959 423.873230 0.752500 0.748617 419.290731 0.793183  0.792108 
960 424.757681 0.752602 0.748718 419.349098 0.793245  0.792175 
961 425.643054 0.752711 0.748828 419.413815 0.793336  0.792248 
962 426.529348 0.752844 0.748959 419.490430 0.793388  0.792335 
963 427.416565 0.752958 0.749072 419.561678 0.793453  0.792410 
964 428.304703 0.753090 0.749201 419.643212 0.793517  0.792496 
965 429.193763 0.753187 0.749298 419.697196 0.793581  0.792560 
966 430.083744 0.753318 0.749427 419.785439 0.793633  0.792645 
967 430.974648 0.753422 0.749530 419.848547 0.793707  0.792713 
968 431.866473 0.753526 0.749633 419.904275 0.793768  0.792782 
969 432.759220 0.753631 0.749736 419.966577 0.793839  0.792850 
970 433.652889 0.753716 0.749821 420.010050 0.793904  0.792906 
971 434.547479 0.753849 0.749952 420.096996 0.793960  0.792993 
972 435.442992 0.753929 0.750031 420.139888 0.794032  0.793046 
973 436.339426 0.754055 0.750155 420.217353 0.794085  0.793128 
974 437.236782 0.754150 0.750249 420.276703 0.794123  0.793190 
975 438.135059 0.754257 0.750355 420.348577 0.794184  0.793260 
976 439.034259 0.754351 0.750448 420.402113 0.794240  0.793322 
977 439.934380 0.754473 0.750568 420.474434 0.794323  0.793401 
978 440.835423 0.754577 0.750671 420.528105 0.794380  0.793470 
979 441.737388 0.754674 0.750767 420.585756 0.794446  0.793533 
980 442.640274 0.754798 0.750889 420.663265 0.794524  0.793614 
981 443.544083 0.754936 0.751026 420.743995 0.794567  0.793705 
982 444.448813 0.755038 0.751126 420.808846 0.794634  0.793771 
983 445.354465 0.755140 0.751228 420.865424 0.794677  0.793838 
984 446.261039 0.755239 0.751326 420.928934 0.794732  0.793904 
985 447.168534 0.755336 0.751421 420.989716 0.794826  0.793966 
986 448.076952 0.755482 0.751566 421.073308 0.794884  0.794062 
987 448.986291 0.755577 0.751660 421.124697 0.794944  0.794124 
988 449.896552 0.755666 0.751749 421.174477 0.794989  0.794183 
989 450.807734 0.755747 0.751828 421.218308 0.795046  0.794236 
990 451.719839 0.755863 0.751942 421.293536 0.795101  0.794311 
991 452.632865 0.755962 0.752042 421.352887 0.795179  0.794377 
992 453.546813 0.756072 0.752150 421.411253 0.795220  0.794449 
993 454.461683 0.756161 0.752240 421.470291 0.795282  0.794508 
994 455.377474 0.756251 0.752330 421.512422 0.795341  0.794568 
995 456.294188 0.756358 0.752435 421.577677 0.795403  0.794637 
996 457.211823 0.756484 0.752560 421.659211 0.795448  0.794719 
997 458.130380 0.756593 0.752669 421.723571 0.795493  0.794792 
998 459.049858 0.756666 0.752741 421.764003 0.795563  0.794839 
999 459.970259 0.756739 0.752814 421.799649 0.800346  0.794887 
1000 460.891581 0.756853 0.752927 420.458780 0.800346 0.794962
