Cycle time(h) alpha_mass conn_solid total_solid frac_conn
5  0.011522 0.001209  0 412351 0.000000
5  0.011522 0.001209  0 412351 0.000000
5  0.011522 0.001209  0 412351 0.000000
10  0.046089 0.003380  0 412399 0.000000
10  0.046089 0.003380  0 412399 0.000000
10  0.046089 0.003380  0 412399 0.000000
15  0.103701 0.005203  0 412529 0.000000
15  0.103701 0.005203  0 412529 0.000000
15  0.103701 0.005203  0 412529 0.000000
20  0.184357 0.007167  0 412647 0.000000
20  0.184357 0.007167  0 412647 0.000000
20  0.184357 0.007167  0 412647 0.000000
25  0.288057 0.008726  0 412945 0.000000
25  0.288057 0.008726  0 412945 0.000000
25  0.288057 0.008726  0 412945 0.000000
30  0.414802 0.011100  0 412996 0.000000
30  0.414802 0.011100  0 412996 0.000000
30  0.414802 0.011100  0 412996 0.000000
35  0.564592 0.012617  0 413338 0.000000
35  0.564592 0.012617  0 413338 0.000000
35  0.564592 0.012617  0 413338 0.000000
40  0.737427 0.014548  0 413652 0.000000
40  0.737427 0.014548  0 413652 0.000000
40  0.737427 0.014548  0 413652 0.000000
45  0.933305 0.016595  0 413967 0.000000
45  0.933305 0.016595  0 413967 0.000000
45  0.933305 0.016595  0 413967 0.000000
50  1.152229 0.018913  0 414117 0.000000
50  1.152229 0.018913  0 414117 0.000000
50  1.152229 0.018913  0 414117 0.000000
55  1.394197 0.020962  0 414502 0.000000
55  1.394197 0.020962  0 414502 0.000000
55  1.394197 0.020962  0 414502 0.000000
60  1.659210 0.023553  0 414903 0.000000
60  1.659210 0.023553  0 414903 0.000000
60  1.659210 0.023553  0 414903 0.000000
65  1.947267 0.025437  0 415280 0.000000
65  1.947267 0.025437  0 415280 0.000000
65  1.947267 0.025437  0 415280 0.000000
70  2.258369 0.026959  0 415782 0.000000
70  2.258369 0.026959  0 415782 0.000000
70  2.258369 0.026959  0 415782 0.000000
75  2.592515 0.028914  0 416222 0.000000
75  2.592515 0.028914  0 416222 0.000000
75  2.592515 0.028914  0 416222 0.000000
80  2.949706 0.031249  0 416722 0.000000
80  2.949706 0.031249  0 416722 0.000000
80  2.949706 0.031249  0 416722 0.000000
85  3.329942 0.033445  0 417316 0.000000
85  3.329942 0.033445  0 417316 0.000000
85  3.329942 0.033445  0 417316 0.000000
90  3.733222 0.036280  0 418065 0.000000
90  3.733222 0.036280  0 418065 0.000000
90  3.733222 0.036280  0 418065 0.000000
95  4.159547 0.039281  0 418942 0.000000
95  4.159547 0.039281  0 418942 0.000000
95  4.159547 0.039281  0 418942 0.000000
100  4.608916 0.042621  0 419960 0.000000
100  4.608916 0.042621  0 419960 0.000000
100  4.608916 0.042621  0 419960 0.000000
105  5.081330 0.046155  0 421115 0.000000
105  5.081330 0.046155  0 421115 0.000000
105  5.081330 0.046155  0 421115 0.000000
110  5.576788 0.050266  0 422551 0.000000
110  5.576788 0.050266  0 422551 0.000000
110  5.576788 0.050266  0 422551 0.000000
115  6.095291 0.054843  203968 424319 0.480695
115  6.095291 0.054843  0 424319 0.000000
115  6.095291 0.054843  0 424319 0.000000
120  6.636839 0.060537  234614 426450 0.550156
120  6.636839 0.060537  216922 426450 0.508669
120  6.636839 0.060537  232185 426450 0.544460
125  7.201431 0.067693  267135 428975 0.622729
125  7.201431 0.067693  278679 428975 0.649639
125  7.201431 0.067693  282479 428975 0.658498
130  7.789068 0.076706  322112 432017 0.745600
130  7.789068 0.076706  307315 432017 0.711349
130  7.789068 0.076706  315877 432017 0.731168
135  8.399749 0.088750  347896 435966 0.797989
135  8.399749 0.088750  350932 435966 0.804953
135  8.399749 0.088750  345940 435966 0.793502
140  9.033475 0.101397  371758 440296 0.844337
140  9.033475 0.101397  373182 440296 0.847571
140  9.033475 0.101397  366506 440296 0.832408
145  9.690245 0.114093  389089 445108 0.874145
145  9.690245 0.114093  389689 445108 0.875493
145  9.690245 0.114093  384049 445108 0.862822
150  10.370061 0.126203  402864 450157 0.894941
150  10.370061 0.126203  403253 450157 0.895805
150  10.370061 0.126203  402228 450157 0.893528
155  11.072920 0.138264  415330 455565 0.911681
155  11.072920 0.138264  414944 455565 0.910834
155  11.072920 0.138264  415378 455565 0.911786
160  11.798824 0.149885  425610 460788 0.923657
160  11.798824 0.149885  425283 460788 0.922947
160  11.798824 0.149885  425777 460788 0.924019
165  12.547773 0.160998  434383 465798 0.932557
165  12.547773 0.160998  434127 465798 0.932007
165  12.547773 0.160998  434698 465798 0.933233
170  13.319767 0.171855  442720 470888 0.940181
170  13.319767 0.171855  442648 470888 0.940028
170  13.319767 0.171855  443166 470888 0.941128
175  14.114805 0.182287  450301 475630 0.946746
175  14.114805 0.182287  450162 475630 0.946454
175  14.114805 0.182287  450620 475630 0.947417
180  14.932887 0.192631  457004 480234 0.951628
180  14.932887 0.192631  456892 480234 0.951395
180  14.932887 0.192631  457336 480234 0.952319
185  15.774014 0.202736  463202 484688 0.955670
185  15.774014 0.202736  463187 484688 0.955639
185  15.774014 0.202736  463445 484688 0.956172
190  16.638186 0.212192  469311 488833 0.960064
190  16.638186 0.212192  469161 488833 0.959757
190  16.638186 0.212192  469307 488833 0.960056
195  17.525402 0.221674  474899 492985 0.963313
195  17.525402 0.221674  474694 492985 0.962897
195  17.525402 0.221674  474837 492985 0.963188
200  18.435663 0.230903  480219 497006 0.966224
200  18.435663 0.230903  480043 497006 0.965870
200  18.435663 0.230903  480119 497006 0.966023
205  19.368969 0.240179  485056 500844 0.968477
205  19.368969 0.240179  484982 500844 0.968329
205  19.368969 0.240179  485024 500844 0.968413
210  20.325319 0.248799  489534 504494 0.970347
210  20.325319 0.248799  489492 504494 0.970263
210  20.325319 0.248799  489454 504494 0.970188
215  21.304713 0.257585  493979 508188 0.972040
215  21.304713 0.257585  493798 508188 0.971684
215  21.304713 0.257585  493921 508188 0.971926
220  22.307153 0.265978  498165 511684 0.973579
220  22.307153 0.265978  498120 511684 0.973491
220  22.307153 0.265978  498155 511684 0.973560
225  23.332636 0.274262  502329 515073 0.975258
225  23.332636 0.274262  502420 515073 0.975435
225  23.332636 0.274262  502342 515073 0.975283
230  24.381165 0.282189  505899 518206 0.976251
230  24.381165 0.282189  506009 518206 0.976463
230  24.381165 0.282189  505965 518206 0.976378
235  25.452738 0.290010  509677 521355 0.977601
235  25.452738 0.290010  509741 521355 0.977723
235  25.452738 0.290010  509718 521355 0.977679
240  26.547355 0.297505  513166 524373 0.978628
240  26.547355 0.297505  513173 524373 0.978641
240  26.547355 0.297505  513181 524373 0.978656
245  27.665017 0.304701  516565 527326 0.979593
245  27.665017 0.304701  516599 527326 0.979658
245  27.665017 0.304701  516623 527326 0.979703
250  28.805724 0.312148  519916 530234 0.980541
250  28.805724 0.312148  519971 530234 0.980644
250  28.805724 0.312148  519935 530234 0.980577
255  29.969475 0.319124  522947 532943 0.981244
255  29.969475 0.319124  522966 532943 0.981279
255  29.969475 0.319124  522948 532943 0.981246
260  31.156271 0.325879  526101 535713 0.982058
260  31.156271 0.325879  526083 535713 0.982024
260  31.156271 0.325879  526041 535713 0.981946
265  32.366111 0.332608  529016 538242 0.982859
265  32.366111 0.332608  528986 538242 0.982803
265  32.366111 0.332608  528914 538242 0.982670
270  33.598996 0.339264  531892 540791 0.983544
270  33.598996 0.339264  531870 540791 0.983504
270  33.598996 0.339264  531807 540791 0.983387
275  34.854926 0.345679  534548 543214 0.984047
275  34.854926 0.345679  534517 543214 0.983990
275  34.854926 0.345679  534494 543214 0.983947
280  36.133900 0.352120  537157 545521 0.984668
280  36.133900 0.352120  537133 545521 0.984624
280  36.133900 0.352120  537090 545521 0.984545
285  37.435919 0.358339  539659 547809 0.985123
285  37.435919 0.358339  539667 547809 0.985137
285  37.435919 0.358339  539643 547809 0.985093
1000  460.891581 0.752927  621517 624964 0.994484
1000  460.891581 0.752927  621487 624964 0.994437
1000  460.891581 0.752927  621588 624964 0.994598
