Time(h) Temperature  Alpha  Krate   Cp_now  Mass_cem kpozz/khyd kslag/khyd
0.000000 20.000000 0.000000 0.759398 0.000000 0.201240 0.743166 0.759398
0.000461 20.000000 0.000068 0.759398 0.000000 0.201240 0.743166 0.759398
0.001844 20.000000 0.000383 0.759398 0.000000 0.201240 0.743166 0.759398
0.004148 20.000000 0.000686 0.759398 0.000000 0.201240 0.743166 0.759398
0.007374 20.000000 0.000927 0.759398 0.000000 0.201240 0.743166 0.759398
0.011522 20.000000 0.001209 0.759398 0.000000 0.201240 0.743166 0.759398
0.016592 20.000000 0.001520 0.759398 0.000000 0.201240 0.743166 0.759398
0.022584 20.000000 0.001842 0.759398 0.000000 0.201240 0.743166 0.759398
0.029497 20.000000 0.002144 0.759398 0.000000 0.201240 0.743166 0.759398
0.037332 20.000000 0.002754 0.759398 0.000000 0.201240 0.743166 0.759398
0.046089 20.000000 0.003381 0.759398 0.000000 0.201240 0.743166 0.759398
0.055768 20.000000 0.003987 0.759398 0.000000 0.201240 0.743166 0.759398
0.066368 20.000000 0.004293 0.759398 0.000000 0.201240 0.743166 0.759398
0.077891 20.000000 0.004577 0.759398 0.000000 0.201240 0.743166 0.759398
0.090335 20.000000 0.004875 0.759398 0.000000 0.201240 0.743166 0.759398
0.103701 20.000000 0.005203 0.759398 0.000000 0.201240 0.743166 0.759398
0.117988 20.000000 0.005509 0.759398 0.000000 0.201240 0.743166 0.759398
0.133198 20.000000 0.006038 0.759398 0.000000 0.201240 0.743166 0.759398
0.149329 20.000000 0.006311 0.759398 0.000000 0.201240 0.743166 0.759398
0.166382 20.000000 0.006897 0.759398 0.000000 0.201240 0.743166 0.759398
0.184357 20.000000 0.007167 0.759398 0.000000 0.201240 0.743166 0.759398
0.203253 20.000000 0.007486 0.759398 0.000000 0.201240 0.743166 0.759398
0.223072 20.000000 0.007794 0.759398 0.000000 0.201240 0.743166 0.759398
0.243812 20.000000 0.008125 0.759398 0.000000 0.201240 0.743166 0.759398
0.265474 20.000000 0.008418 0.759398 0.000000 0.201240 0.743166 0.759398
0.288057 20.000000 0.008726 0.759398 0.000000 0.201240 0.743166 0.759398
0.311563 20.000000 0.009056 0.759398 0.000000 0.201240 0.743166 0.759398
0.335990 20.000000 0.009703 0.759398 0.000000 0.201240 0.743166 0.759398
0.361339 20.000000 0.010256 0.759398 0.000000 0.201240 0.743166 0.759398
0.387610 20.000000 0.010777 0.759398 0.000000 0.201240 0.743166 0.759398
0.414802 20.000000 0.011100 0.759398 0.000000 0.201240 0.743166 0.759398
0.442917 20.000000 0.011417 0.759398 0.000000 0.201240 0.743166 0.759398
0.471953 20.000000 0.011742 0.759398 0.000000 0.201240 0.743166 0.759398
0.501911 20.000000 0.012061 0.759398 0.000000 0.201240 0.743166 0.759398
0.532791 20.000000 0.012337 0.759398 0.000000 0.201240 0.743166 0.759398
0.564592 20.000000 0.012617 0.759398 0.000000 0.201240 0.743166 0.759398
0.597315 20.000000 0.013190 0.759398 0.000000 0.201240 0.743166 0.759398
0.630961 20.000000 0.013476 0.759398 0.000000 0.201240 0.743166 0.759398
0.665527 20.000000 0.013840 0.759398 0.000000 0.201240 0.743166 0.759398
0.701016 20.000000 0.014214 0.759398 0.000000 0.201240 0.743166 0.759398
0.737427 20.000000 0.014548 0.759398 0.000000 0.201240 0.743166 0.759398
0.774759 20.000000 0.014924 0.759398 0.000000 0.201240 0.743166 0.759398
0.813013 20.000000 0.015255 0.759398 0.000000 0.201240 0.743166 0.759398
0.852189 20.000000 0.015558 0.759398 0.000000 0.201240 0.743166 0.759398
0.892286 20.000000 0.016250 0.759398 0.000000 0.201240 0.743166 0.759398
0.933306 20.000000 0.016595 0.759398 0.000000 0.201240 0.743166 0.759398
0.975247 20.000000 0.017219 0.759398 0.000000 0.201240 0.743166 0.759398
1.018110 20.000000 0.017529 0.759398 0.000000 0.201240 0.743166 0.759398
1.061894 20.000000 0.017873 0.759398 0.000000 0.201240 0.743166 0.759398
1.106601 20.000000 0.018557 0.759398 0.000000 0.201240 0.743166 0.759398
1.152229 20.000000 0.018913 0.759398 0.000000 0.201240 0.743166 0.759398
1.198779 20.000000 0.019284 0.759398 0.000000 0.201240 0.743166 0.759398
1.246251 20.000000 0.019623 0.759398 0.000000 0.201240 0.743166 0.759398
1.294645 20.000000 0.019948 0.759398 0.000000 0.201240 0.743166 0.759398
1.343960 20.000000 0.020596 0.759398 0.000000 0.201240 0.743166 0.759398
1.394197 20.000000 0.020962 0.759398 0.000000 0.201240 0.743166 0.759398
1.445356 20.000000 0.021370 0.759398 0.000000 0.201240 0.743166 0.759398
1.497437 20.000000 0.022052 0.759398 0.000000 0.201240 0.743166 0.759398
1.550439 20.000000 0.022710 0.759398 0.000000 0.201240 0.743166 0.759398
1.604364 20.000000 0.023117 0.759398 0.000000 0.201240 0.743166 0.759398
1.659210 20.000000 0.023553 0.759398 0.000000 0.201240 0.743166 0.759398
1.714978 20.000000 0.023934 0.759398 0.000000 0.201240 0.743166 0.759398
1.771667 20.000000 0.024229 0.759398 0.000000 0.201240 0.743166 0.759398
1.829279 20.000000 0.024686 0.759398 0.000000 0.201240 0.743166 0.759398
1.887812 20.000000 0.025002 0.759398 0.000000 0.201240 0.743166 0.759398
1.947267 20.000000 0.025437 0.759398 0.000000 0.201240 0.743166 0.759398
2.007644 20.000000 0.025719 0.759398 0.000000 0.201240 0.743166 0.759398
2.068942 20.000000 0.026117 0.759398 0.000000 0.201240 0.743166 0.759398
2.131163 20.000000 0.026375 0.759398 0.000000 0.201240 0.743166 0.759398
2.194305 20.000000 0.026678 0.759398 0.000000 0.201240 0.743166 0.759398
2.258369 20.000000 0.026959 0.759398 0.000000 0.201240 0.743166 0.759398
2.323354 20.000000 0.027313 0.759398 0.000000 0.201240 0.743166 0.759398
2.389262 20.000000 0.027760 0.759398 0.000000 0.201240 0.743166 0.759398
2.456091 20.000000 0.028131 0.759398 0.000000 0.201240 0.743166 0.759398
2.523842 20.000000 0.028603 0.759398 0.000000 0.201240 0.743166 0.759398
2.592515 20.000000 0.028914 0.759398 0.000000 0.201240 0.743166 0.759398
2.662110 20.000000 0.029346 0.759398 0.000000 0.201240 0.743166 0.759398
2.732626 20.000000 0.029843 0.759398 0.000000 0.201240 0.743166 0.759398
2.804064 20.000000 0.030282 0.759398 0.000000 0.201240 0.743166 0.759398
2.876424 20.000000 0.030739 0.759398 0.000000 0.201240 0.743166 0.759398
2.949706 20.000000 0.031249 0.759398 0.000000 0.201240 0.743166 0.759398
3.023910 20.000000 0.031713 0.759398 0.000000 0.201240 0.743166 0.759398
3.099035 20.000000 0.032143 0.759398 0.000000 0.201240 0.743166 0.759398
3.175082 20.000000 0.032589 0.759398 0.000000 0.201240 0.743166 0.759398
3.252051 20.000000 0.032936 0.759398 0.000000 0.201240 0.743166 0.759398
3.329942 20.000000 0.033445 0.759398 0.000000 0.201240 0.743166 0.759398
3.408754 20.000000 0.034000 0.759398 0.000000 0.201240 0.743166 0.759398
3.488488 20.000000 0.034549 0.759398 0.000000 0.201240 0.743166 0.759398
3.569144 20.000000 0.035110 0.759398 0.000000 0.201240 0.743166 0.759398
3.650722 20.000000 0.035689 0.759398 0.000000 0.201240 0.743166 0.759398
3.733222 20.000000 0.036281 0.759398 0.000000 0.201240 0.743166 0.759398
3.816643 20.000000 0.036906 0.759398 0.000000 0.201240 0.743166 0.759398
3.900986 20.000000 0.037468 0.759398 0.000000 0.201240 0.743166 0.759398
3.986251 20.000000 0.038064 0.759398 0.000000 0.201240 0.743166 0.759398
4.072438 20.000000 0.038665 0.759398 0.000000 0.201240 0.743166 0.759398
4.159546 20.000000 0.039281 0.759398 0.000000 0.201240 0.743166 0.759398
4.247577 20.000000 0.039942 0.759398 0.000000 0.201240 0.743166 0.759398
4.336529 20.000000 0.040663 0.759398 0.000000 0.201240 0.743166 0.759398
4.426403 20.000000 0.041351 0.759398 0.000000 0.201240 0.743166 0.759398
4.517198 20.000000 0.042004 0.759398 0.000000 0.201240 0.743166 0.759398
4.608915 20.000000 0.042621 0.759398 0.000000 0.201240 0.743166 0.759398
4.701554 20.000000 0.043235 0.759398 0.000000 0.201240 0.743166 0.759398
4.795115 20.000000 0.043917 0.759398 0.000000 0.201240 0.743166 0.759398
4.889598 20.000000 0.044631 0.759398 0.000000 0.201240 0.743166 0.759398
4.985003 20.000000 0.045386 0.759398 0.000000 0.201240 0.743166 0.759398
5.081329 20.000000 0.046155 0.759398 0.000000 0.201240 0.743166 0.759398
5.178577 20.000000 0.046930 0.759398 0.000000 0.201240 0.743166 0.759398
5.276747 20.000000 0.047780 0.759398 0.000000 0.201240 0.743166 0.759398
5.375839 20.000000 0.048523 0.759398 0.000000 0.201240 0.743166 0.759398
5.475852 20.000000 0.049410 0.759398 0.000000 0.201240 0.743166 0.759398
5.576787 20.000000 0.050266 0.759398 0.000000 0.201240 0.743166 0.759398
5.678645 20.000000 0.051119 0.759398 0.000000 0.201240 0.743166 0.759398
5.781424 20.000000 0.052009 0.759398 0.000000 0.201240 0.743166 0.759398
5.885124 20.000000 0.052983 0.759398 0.000000 0.201240 0.743166 0.759398
5.989747 20.000000 0.053902 0.759398 0.000000 0.201240 0.743166 0.759398
6.095291 20.000000 0.054843 0.759398 0.000000 0.201240 0.743166 0.759398
6.201756 20.000000 0.055863 0.759398 0.000000 0.201240 0.743166 0.759398
6.309144 20.000000 0.056945 0.759398 0.000000 0.201240 0.743166 0.759398
6.417454 20.000000 0.058065 0.759398 0.000000 0.201240 0.743166 0.759398
6.526685 20.000000 0.059277 0.759398 0.000000 0.201240 0.743166 0.759398
6.636838 20.000000 0.060537 0.759398 0.000000 0.201240 0.743166 0.759398
6.747913 20.000000 0.061947 0.759398 0.000000 0.201240 0.743166 0.759398
6.859910 20.000000 0.063259 0.759398 0.000000 0.201240 0.743166 0.759398
6.972828 20.000000 0.064558 0.759398 0.000000 0.201240 0.743166 0.759398
7.086668 20.000000 0.066114 0.759398 0.000000 0.201240 0.743166 0.759398
7.201430 20.000000 0.067693 0.759398 0.000000 0.201240 0.743166 0.759398
7.317114 20.000000 0.069412 0.759398 0.000000 0.201240 0.743166 0.759398
7.433720 20.000000 0.071035 0.759398 0.000000 0.201240 0.743166 0.759398
7.551247 20.000000 0.072817 0.759398 0.000000 0.201240 0.743166 0.759398
7.669696 20.000000 0.074690 0.759398 0.000000 0.201240 0.743166 0.759398
7.789067 20.000000 0.076706 0.759398 0.000000 0.201240 0.743166 0.759398
7.909360 20.000000 0.078872 0.759398 0.000000 0.201240 0.743166 0.759398
8.030575 20.000000 0.081094 0.759398 0.000000 0.201240 0.743166 0.759398
8.152711 20.000000 0.083547 0.759398 0.000000 0.201240 0.743166 0.759398
8.275769 20.000000 0.086175 0.759398 0.000000 0.201240 0.743166 0.759398
8.399749 20.000000 0.088750 0.759398 0.000000 0.201240 0.743166 0.759398
8.524651 20.000000 0.091343 0.759398 0.000000 0.201240 0.743166 0.759398
8.650474 20.000000 0.093895 0.759398 0.000000 0.201240 0.743166 0.759398
8.777219 20.000000 0.096394 0.759398 0.000000 0.201240 0.743166 0.759398
8.904886 20.000000 0.098972 0.759398 0.000000 0.201240 0.743166 0.759398
9.033475 20.000000 0.101397 0.759398 0.000000 0.201240 0.743166 0.759398
9.162986 20.000000 0.103958 0.759398 0.000000 0.201240 0.743166 0.759398
9.293418 20.000000 0.106378 0.759398 0.000000 0.201240 0.743166 0.759398
9.424772 20.000000 0.109011 0.759398 0.000000 0.201240 0.743166 0.759398
9.557048 20.000000 0.111428 0.759398 0.000000 0.201240 0.743166 0.759398
9.690246 20.000000 0.114094 0.759398 0.000000 0.201240 0.743166 0.759398
9.824365 20.000000 0.116468 0.759398 0.000000 0.201240 0.743166 0.759398
9.959406 20.000000 0.118851 0.759398 0.000000 0.201240 0.743166 0.759398
10.095369 20.000000 0.121217 0.759398 0.000000 0.201240 0.743166 0.759398
10.232254 20.000000 0.123722 0.759398 0.000000 0.201240 0.743166 0.759398
10.370061 20.000000 0.126203 0.759398 0.000000 0.201240 0.743166 0.759398
10.508789 20.000000 0.128670 0.759398 0.000000 0.201240 0.743166 0.759398
10.648439 20.000000 0.131097 0.759398 0.000000 0.201240 0.743166 0.759398
10.789011 20.000000 0.133501 0.759398 0.000000 0.201240 0.743166 0.759398
10.930505 20.000000 0.135843 0.759398 0.000000 0.201240 0.743166 0.759398
11.072920 20.000000 0.138264 0.759398 0.000000 0.201240 0.743166 0.759398
11.216257 20.000000 0.140650 0.759398 0.000000 0.201240 0.743166 0.759398
11.360517 20.000000 0.143014 0.759398 0.000000 0.201240 0.743166 0.759398
11.505697 20.000000 0.145353 0.759398 0.000000 0.201240 0.743166 0.759398
11.651800 20.000000 0.147621 0.759398 0.000000 0.201240 0.743166 0.759398
11.798824 20.000000 0.149885 0.759398 0.000000 0.201240 0.743166 0.759398
11.946771 20.000000 0.152110 0.759398 0.000000 0.201240 0.743166 0.759398
12.095638 20.000000 0.154357 0.759398 0.000000 0.201240 0.743166 0.759398
12.245428 20.000000 0.156517 0.759398 0.000000 0.201240 0.743166 0.759398
12.396140 20.000000 0.158778 0.759398 0.000000 0.201240 0.743166 0.759398
12.547773 20.000000 0.160998 0.759398 0.000000 0.201240 0.743166 0.759398
12.700329 20.000000 0.163273 0.759398 0.000000 0.201240 0.743166 0.759398
12.853806 20.000000 0.165542 0.759398 0.000000 0.201240 0.743166 0.759398
13.008204 20.000000 0.167627 0.759398 0.000000 0.201240 0.743166 0.759398
13.163525 20.000000 0.169760 0.759398 0.000000 0.201240 0.743166 0.759398
13.319767 20.000000 0.171855 0.759398 0.000000 0.201240 0.743166 0.759398
13.476931 20.000000 0.173991 0.759398 0.000000 0.201240 0.743166 0.759398
13.635016 20.000000 0.176167 0.759398 0.000000 0.201240 0.743166 0.759398
13.794024 20.000000 0.178253 0.759398 0.000000 0.201240 0.743166 0.759398
13.953954 20.000000 0.180299 0.759398 0.000000 0.201240 0.743166 0.759398
14.114805 20.000000 0.182287 0.759398 0.000000 0.201240 0.743166 0.759398
14.276578 20.000000 0.184429 0.759398 0.000000 0.201240 0.743166 0.759398
14.439273 20.000000 0.186438 0.759398 0.000000 0.201240 0.743166 0.759398
14.602889 20.000000 0.188505 0.759398 0.000000 0.201240 0.743166 0.759398
14.767427 20.000000 0.190607 0.759398 0.000000 0.201240 0.743166 0.759398
14.932887 20.000000 0.192631 0.759398 0.000000 0.201240 0.743166 0.759398
15.099269 20.000000 0.194712 0.759398 0.000000 0.201240 0.743166 0.759398
15.266573 20.000000 0.196780 0.759398 0.000000 0.201240 0.743166 0.759398
15.434798 20.000000 0.198750 0.759398 0.000000 0.201240 0.743166 0.759398
15.603946 20.000000 0.200727 0.759398 0.000000 0.201240 0.743166 0.759398
15.774014 20.000000 0.202736 0.759398 0.000000 0.201240 0.743166 0.759398
15.945005 20.000000 0.204739 0.759398 0.000000 0.201240 0.743166 0.759398
16.116919 20.000000 0.206547 0.759398 0.000000 0.201240 0.743166 0.759398
16.289753 20.000000 0.208407 0.759398 0.000000 0.201240 0.743166 0.759398
16.463509 20.000000 0.210325 0.759398 0.000000 0.201240 0.743166 0.759398
16.638187 20.000000 0.212192 0.759398 0.000000 0.201240 0.743166 0.759398
16.813787 20.000000 0.214139 0.759398 0.000000 0.201240 0.743166 0.759398
16.990309 20.000000 0.215962 0.759398 0.000000 0.201240 0.743166 0.759398
17.167751 20.000000 0.217790 0.759398 0.000000 0.201240 0.743166 0.759398
17.346117 20.000000 0.219782 0.759398 0.000000 0.201240 0.743166 0.759398
17.525404 20.000000 0.221674 0.759398 0.000000 0.201240 0.743166 0.759398
17.705612 20.000000 0.223531 0.759398 0.000000 0.201240 0.743166 0.759398
17.886742 20.000000 0.225446 0.759398 0.000000 0.201240 0.743166 0.759398
18.068794 20.000000 0.227214 0.759398 0.000000 0.201240 0.743166 0.759398
18.251768 20.000000 0.229029 0.759398 0.000000 0.201240 0.743166 0.759398
18.435663 20.000000 0.230903 0.759398 0.000000 0.201240 0.743166 0.759398
18.620481 20.000000 0.232737 0.759398 0.000000 0.201240 0.743166 0.759398
18.806221 20.000000 0.234585 0.759398 0.000000 0.201240 0.743166 0.759398
18.992882 20.000000 0.236429 0.759398 0.000000 0.201240 0.743166 0.759398
19.180464 20.000000 0.238302 0.759398 0.000000 0.201240 0.743166 0.759398
19.368969 20.000000 0.240179 0.759398 0.000000 0.201240 0.743166 0.759398
19.558395 20.000000 0.241916 0.759398 0.000000 0.201240 0.743166 0.759398
19.748743 20.000000 0.243526 0.759398 0.000000 0.201240 0.743166 0.759398
19.940014 20.000000 0.245266 0.759398 0.000000 0.201240 0.743166 0.759398
20.132206 20.000000 0.247004 0.759398 0.000000 0.201240 0.743166 0.759398
20.325319 20.000000 0.248799 0.759398 0.000000 0.201240 0.743166 0.759398
20.519354 20.000000 0.250540 0.759398 0.000000 0.201240 0.743166 0.759398
20.714312 20.000000 0.252288 0.759398 0.000000 0.201240 0.743166 0.759398
20.910191 20.000000 0.254056 0.759398 0.000000 0.201240 0.743166 0.759398
21.106991 20.000000 0.255737 0.759398 0.000000 0.201240 0.743166 0.759398
21.304714 20.000000 0.257585 0.759398 0.000000 0.201240 0.743166 0.759398
21.503359 20.000000 0.259242 0.759398 0.000000 0.201240 0.743166 0.759398
21.702925 20.000000 0.260916 0.759398 0.000000 0.201240 0.743166 0.759398
21.903412 20.000000 0.262584 0.759398 0.000000 0.201240 0.743166 0.759398
22.104822 20.000000 0.264310 0.759398 0.000000 0.201240 0.743166 0.759398
22.307154 20.000000 0.265978 0.759398 0.000000 0.201240 0.743166 0.759398
22.510406 20.000000 0.267696 0.759398 0.000000 0.201240 0.743166 0.759398
22.714581 20.000000 0.269384 0.759398 0.000000 0.201240 0.743166 0.759398
22.919678 20.000000 0.270970 0.759398 0.000000 0.201240 0.743166 0.759398
23.125696 20.000000 0.272600 0.759398 0.000000 0.201240 0.743166 0.759398
23.332636 20.000000 0.274262 0.759398 0.000000 0.201240 0.743166 0.759398
23.540499 20.000000 0.275802 0.759398 0.000000 0.201240 0.743166 0.759398
23.749283 20.000000 0.277465 0.759398 0.000000 0.201240 0.743166 0.759398
23.958988 20.000000 0.279021 0.759398 0.000000 0.201240 0.743166 0.759398
24.169615 20.000000 0.280552 0.759398 0.000000 0.201240 0.743166 0.759398
24.381165 20.000000 0.282189 0.759398 0.000000 0.201240 0.743166 0.759398
24.593636 20.000000 0.283713 0.759398 0.000000 0.201240 0.743166 0.759398
24.807028 20.000000 0.285261 0.759398 0.000000 0.201240 0.743166 0.759398
25.021343 20.000000 0.286816 0.759398 0.000000 0.201240 0.743166 0.759398
25.236580 20.000000 0.288329 0.759398 0.000000 0.201240 0.743166 0.759398
25.452738 20.000000 0.290010 0.759398 0.000000 0.201240 0.743166 0.759398
25.669817 20.000000 0.291579 0.759398 0.000000 0.201240 0.743166 0.759398
25.887819 20.000000 0.293102 0.759398 0.000000 0.201240 0.743166 0.759398
26.106743 20.000000 0.294538 0.759398 0.000000 0.201240 0.743166 0.759398
26.326588 20.000000 0.295989 0.759398 0.000000 0.201240 0.743166 0.759398
26.547356 20.000000 0.297505 0.759398 0.000000 0.201240 0.743166 0.759398
26.769045 20.000000 0.299030 0.759398 0.000000 0.201240 0.743166 0.759398
26.991655 20.000000 0.300440 0.759398 0.000000 0.201240 0.743166 0.759398
27.215187 20.000000 0.301915 0.759398 0.000000 0.201240 0.743166 0.759398
27.439642 20.000000 0.303336 0.759398 0.000000 0.201240 0.743166 0.759398
27.665018 20.000000 0.304701 0.759398 0.000000 0.201240 0.743166 0.759398
27.891315 20.000000 0.306232 0.759398 0.000000 0.201240 0.743166 0.759398
28.118534 20.000000 0.307669 0.759398 0.000000 0.201240 0.743166 0.759398
28.346676 20.000000 0.309115 0.759398 0.000000 0.201240 0.743166 0.759398
28.575739 20.000000 0.310682 0.759398 0.000000 0.201240 0.743166 0.759398
28.805723 20.000000 0.312148 0.759398 0.000000 0.201240 0.743166 0.759398
29.036631 20.000000 0.313471 0.759398 0.000000 0.201240 0.743166 0.759398
29.268459 20.000000 0.314867 0.759398 0.000000 0.201240 0.743166 0.759398
29.501209 20.000000 0.316338 0.759398 0.000000 0.201240 0.743166 0.759398
29.734880 20.000000 0.317739 0.759398 0.000000 0.201240 0.743166 0.759398
29.969475 20.000000 0.319124 0.759398 0.000000 0.201240 0.743166 0.759398
30.204990 20.000000 0.320510 0.759398 0.000000 0.201240 0.743166 0.759398
30.441427 20.000000 0.321832 0.759398 0.000000 0.201240 0.743166 0.759398
30.678787 20.000000 0.323221 0.759398 0.000000 0.201240 0.743166 0.759398
30.917068 20.000000 0.324633 0.759398 0.000000 0.201240 0.743166 0.759398
31.156271 20.000000 0.325879 0.759398 0.000000 0.201240 0.743166 0.759398
31.396395 20.000000 0.327213 0.759398 0.000000 0.201240 0.743166 0.759398
31.637442 20.000000 0.328570 0.759398 0.000000 0.201240 0.743166 0.759398
31.879410 20.000000 0.329939 0.759398 0.000000 0.201240 0.743166 0.759398
32.122299 20.000000 0.331345 0.759398 0.000000 0.201240 0.743166 0.759398
32.366112 20.000000 0.332608 0.759398 0.000000 0.201240 0.743166 0.759398
32.610844 20.000000 0.333890 0.759398 0.000000 0.201240 0.743166 0.759398
32.856499 20.000000 0.335255 0.759398 0.000000 0.201240 0.743166 0.759398
33.103077 20.000000 0.336611 0.759398 0.000000 0.201240 0.743166 0.759398
33.350574 20.000000 0.337900 0.759398 0.000000 0.201240 0.743166 0.759398
33.598995 20.000000 0.339264 0.759398 0.000000 0.201240 0.743166 0.759398
33.848339 20.000000 0.340462 0.759398 0.000000 0.201240 0.743166 0.759398
34.098602 20.000000 0.341770 0.759398 0.000000 0.201240 0.743166 0.759398
34.349789 20.000000 0.343053 0.759398 0.000000 0.201240 0.743166 0.759398
34.601898 20.000000 0.344368 0.759398 0.000000 0.201240 0.743166 0.759398
34.854927 20.000000 0.345679 0.759398 0.000000 0.201240 0.743166 0.759398
35.108879 20.000000 0.347029 0.759398 0.000000 0.201240 0.743166 0.759398
35.363750 20.000000 0.348274 0.759398 0.000000 0.201240 0.743166 0.759398
35.619545 20.000000 0.349562 0.759398 0.000000 0.201240 0.743166 0.759398
35.876263 20.000000 0.350831 0.759398 0.000000 0.201240 0.743166 0.759398
36.133900 20.000000 0.352120 0.759398 0.000000 0.201240 0.743166 0.759398
36.392460 20.000000 0.353362 0.759398 0.000000 0.201240 0.743166 0.759398
36.651943 20.000000 0.354567 0.759398 0.000000 0.201240 0.743166 0.759398
36.912346 20.000000 0.355817 0.759398 0.000000 0.201240 0.743166 0.759398
37.173672 20.000000 0.357084 0.759398 0.000000 0.201240 0.743166 0.759398
37.435921 20.000000 0.358339 0.759398 0.000000 0.201240 0.743166 0.759398
37.699089 20.000000 0.359476 0.759398 0.000000 0.201240 0.743166 0.759398
37.963181 20.000000 0.360676 0.759398 0.000000 0.201240 0.743166 0.759398
38.228191 20.000000 0.361881 0.759398 0.000000 0.201240 0.743166 0.759398
38.494125 20.000000 0.363103 0.759398 0.000000 0.201240 0.743166 0.759398
38.760983 20.000000 0.364292 0.759398 0.000000 0.201240 0.743166 0.759398
39.028759 20.000000 0.365537 0.759398 0.000000 0.201240 0.743166 0.759398
39.297459 20.000000 0.366699 0.759398 0.000000 0.201240 0.743166 0.759398
39.567081 20.000000 0.367856 0.759398 0.000000 0.201240 0.743166 0.759398
39.837624 20.000000 0.368990 0.759398 0.000000 0.201240 0.743166 0.759398
40.109089 20.000000 0.370182 0.759398 0.000000 0.201240 0.743166 0.759398
40.381477 20.000000 0.371325 0.759398 0.000000 0.201240 0.743166 0.759398
40.654785 20.000000 0.372488 0.759398 0.000000 0.201240 0.743166 0.759398
40.929016 20.000000 0.373610 0.759398 0.000000 0.201240 0.743166 0.759398
41.204170 20.000000 0.374802 0.759398 0.000000 0.201240 0.743166 0.759398
41.480244 20.000000 0.376591 0.759398 0.000000 0.201240 0.743166 0.759398
41.757240 20.000000 0.378546 0.759398 0.000000 0.201240 0.743166 0.759398
42.035156 20.000000 0.380284 0.759398 0.000000 0.201240 0.743166 0.759398
42.313995 20.000000 0.382139 0.759398 0.000000 0.201240 0.743166 0.759398
42.593758 20.000000 0.383948 0.759398 0.000000 0.201240 0.743166 0.759398
42.874439 20.000000 0.385831 0.759398 0.000000 0.201240 0.743166 0.759398
43.156044 20.000000 0.387589 0.759398 0.000000 0.201240 0.743166 0.759398
43.438572 20.000000 0.389465 0.759398 0.000000 0.201240 0.743166 0.759398
43.722019 20.000000 0.391160 0.759398 0.000000 0.201240 0.743166 0.759398
44.006390 20.000000 0.393028 0.759398 0.000000 0.201240 0.743166 0.759398
44.291683 20.000000 0.394831 0.759398 0.000000 0.201240 0.743166 0.759398
44.577896 20.000000 0.396632 0.759398 0.000000 0.201240 0.743166 0.759398
44.865032 20.000000 0.398431 0.759398 0.000000 0.201240 0.743166 0.759398
45.153088 20.000000 0.400095 0.759398 0.000000 0.201240 0.743166 0.759398
45.442066 20.000000 0.401877 0.759398 0.000000 0.201240 0.743166 0.759398
45.731968 20.000000 0.403643 0.759398 0.000000 0.201240 0.743166 0.759398
46.022789 20.000000 0.405397 0.759398 0.000000 0.201240 0.743166 0.759398
46.314533 20.000000 0.407079 0.759398 0.000000 0.201240 0.743166 0.759398
46.607201 20.000000 0.408688 0.759398 0.000000 0.201240 0.743166 0.759398
46.900787 20.000000 0.410350 0.759398 0.000000 0.201240 0.743166 0.759398
47.195297 20.000000 0.412191 0.759398 0.000000 0.201240 0.743166 0.759398
47.490730 20.000000 0.413908 0.759398 0.000000 0.201240 0.743166 0.759398
47.787083 20.000000 0.415682 0.759398 0.000000 0.201240 0.743166 0.759398
48.084358 20.000000 0.417246 0.759398 0.000000 0.201240 0.743166 0.759398
48.382557 20.000000 0.418809 0.759398 0.000000 0.201240 0.743166 0.759398
48.681675 20.000000 0.420305 0.759398 0.000000 0.201240 0.743166 0.759398
48.981716 20.000000 0.421974 0.759398 0.000000 0.201240 0.743166 0.759398
49.282677 20.000000 0.423594 0.759398 0.000000 0.201240 0.743166 0.759398
49.584560 20.000000 0.425158 0.759398 0.000000 0.201240 0.743166 0.759398
49.887367 20.000000 0.426814 0.759398 0.000000 0.201240 0.743166 0.759398
50.191093 20.000000 0.428342 0.759398 0.000000 0.201240 0.743166 0.759398
50.495743 20.000000 0.429877 0.759398 0.000000 0.201240 0.743166 0.759398
50.801315 20.000000 0.431352 0.759398 0.000000 0.201240 0.743166 0.759398
51.107807 20.000000 0.432833 0.759398 0.000000 0.201240 0.743166 0.759398
51.415222 20.000000 0.434244 0.759398 0.000000 0.201240 0.743166 0.759398
51.723560 20.000000 0.435843 0.759398 0.000000 0.201240 0.743166 0.759398
52.032818 20.000000 0.437318 0.759398 0.000000 0.201240 0.743166 0.759398
52.342999 20.000000 0.438927 0.759398 0.000000 0.201240 0.743166 0.759398
52.654099 20.000000 0.440475 0.759398 0.000000 0.201240 0.743166 0.759398
52.966122 20.000000 0.442053 0.759398 0.000000 0.201240 0.743166 0.759398
53.279068 20.000000 0.443517 0.759398 0.000000 0.201240 0.743166 0.759398
53.592934 20.000000 0.444956 0.759398 0.000000 0.201240 0.743166 0.759398
53.907722 20.000000 0.446393 0.759398 0.000000 0.201240 0.743166 0.759398
54.223434 20.000000 0.447821 0.759398 0.000000 0.201240 0.743166 0.759398
54.540066 20.000000 0.449239 0.759398 0.000000 0.201240 0.743166 0.759398
54.857620 20.000000 0.450643 0.759398 0.000000 0.201240 0.743166 0.759398
55.176098 20.000000 0.452138 0.759398 0.000000 0.201240 0.743166 0.759398
55.495495 20.000000 0.453518 0.759398 0.000000 0.201240 0.743166 0.759398
55.815815 20.000000 0.454845 0.759398 0.000000 0.201240 0.743166 0.759398
56.137058 20.000000 0.456230 0.759398 0.000000 0.201240 0.743166 0.759398
56.459221 20.000000 0.457646 0.759398 0.000000 0.201240 0.743166 0.759398
56.782307 20.000000 0.459149 0.759398 0.000000 0.201240 0.743166 0.759398
57.106312 20.000000 0.460537 0.759398 0.000000 0.201240 0.743166 0.759398
57.431240 20.000000 0.461795 0.759398 0.000000 0.201240 0.743166 0.759398
57.757092 20.000000 0.463105 0.759398 0.000000 0.201240 0.743166 0.759398
58.083862 20.000000 0.464432 0.759398 0.000000 0.201240 0.743166 0.759398
58.411556 20.000000 0.465887 0.759398 0.000000 0.201240 0.743166 0.759398
58.740173 20.000000 0.467188 0.759398 0.000000 0.201240 0.743166 0.759398
59.069710 20.000000 0.468505 0.759398 0.000000 0.201240 0.743166 0.759398
59.400169 20.000000 0.469859 0.759398 0.000000 0.201240 0.743166 0.759398
59.731552 20.000000 0.471154 0.759398 0.000000 0.201240 0.743166 0.759398
60.063854 20.000000 0.472436 0.759398 0.000000 0.201240 0.743166 0.759398
60.397079 20.000000 0.473761 0.759398 0.000000 0.201240 0.743166 0.759398
60.731224 20.000000 0.475116 0.759398 0.000000 0.201240 0.743166 0.759398
61.066292 20.000000 0.476347 0.759398 0.000000 0.201240 0.743166 0.759398
61.402283 20.000000 0.477641 0.759398 0.000000 0.201240 0.743166 0.759398
61.739193 20.000000 0.479015 0.759398 0.000000 0.201240 0.743166 0.759398
62.077026 20.000000 0.480264 0.759398 0.000000 0.201240 0.743166 0.759398
62.415783 20.000000 0.481469 0.759398 0.000000 0.201240 0.743166 0.759398
62.755459 20.000000 0.482702 0.759398 0.000000 0.201240 0.743166 0.759398
63.096058 20.000000 0.483926 0.759398 0.000000 0.201240 0.743166 0.759398
63.437580 20.000000 0.485168 0.759398 0.000000 0.201240 0.743166 0.759398
63.780022 20.000000 0.486385 0.759398 0.000000 0.201240 0.743166 0.759398
64.123383 20.000000 0.487582 0.759398 0.000000 0.201240 0.743166 0.759398
64.467667 20.000000 0.488814 0.759398 0.000000 0.201240 0.743166 0.759398
64.812874 20.000000 0.490033 0.759398 0.000000 0.201240 0.743166 0.759398
65.159004 20.000000 0.491278 0.759398 0.000000 0.201240 0.743166 0.759398
65.506058 20.000000 0.492554 0.759398 0.000000 0.201240 0.743166 0.759398
65.854034 20.000000 0.493591 0.759398 0.000000 0.201240 0.743166 0.759398
66.202927 20.000000 0.494809 0.759398 0.000000 0.201240 0.743166 0.759398
66.552742 20.000000 0.496040 0.759398 0.000000 0.201240 0.743166 0.759398
66.903481 20.000000 0.497133 0.759398 0.000000 0.201240 0.743166 0.759398
67.255142 20.000000 0.498298 0.759398 0.000000 0.201240 0.743166 0.759398
67.607727 20.000000 0.499460 0.759398 0.000000 0.201240 0.743166 0.759398
67.961227 20.000000 0.500600 0.759398 0.000000 0.201240 0.743166 0.759398
68.315651 20.000000 0.501774 0.759398 0.000000 0.201240 0.743166 0.759398
68.670998 20.000000 0.502884 0.759398 0.000000 0.201240 0.743166 0.759398
69.027267 20.000000 0.504023 0.759398 0.000000 0.201240 0.743166 0.759398
69.384460 20.000000 0.505116 0.759398 0.000000 0.201240 0.743166 0.759398
69.742577 20.000000 0.506248 0.759398 0.000000 0.201240 0.743166 0.759398
70.101608 20.000000 0.507362 0.759398 0.000000 0.201240 0.743166 0.759398
70.461563 20.000000 0.508513 0.759398 0.000000 0.201240 0.743166 0.759398
70.822441 20.000000 0.509529 0.759398 0.000000 0.201240 0.743166 0.759398
71.184242 20.000000 0.510722 0.759398 0.000000 0.201240 0.743166 0.759398
71.546967 20.000000 0.511740 0.759398 0.000000 0.201240 0.743166 0.759398
71.910606 20.000000 0.512789 0.759398 0.000000 0.201240 0.743166 0.759398
72.275169 20.000000 0.513824 0.759398 0.000000 0.201240 0.743166 0.759398
72.640656 20.000000 0.514854 0.759398 0.000000 0.201240 0.743166 0.759398
73.007065 20.000000 0.515939 0.759398 0.000000 0.201240 0.743166 0.759398
73.374397 20.000000 0.517005 0.759398 0.000000 0.201240 0.743166 0.759398
73.742653 20.000000 0.518074 0.759398 0.000000 0.201240 0.743166 0.759398
74.111824 20.000000 0.519100 0.759398 0.000000 0.201240 0.743166 0.759398
74.481918 20.000000 0.520252 0.759398 0.000000 0.201240 0.743166 0.759398
74.852936 20.000000 0.521279 0.759398 0.000000 0.201240 0.743166 0.759398
75.224876 20.000000 0.522292 0.759398 0.000000 0.201240 0.743166 0.759398
75.597740 20.000000 0.523301 0.759398 0.000000 0.201240 0.743166 0.759398
75.971519 20.000000 0.524366 0.759398 0.000000 0.201240 0.743166 0.759398
76.346222 20.000000 0.525470 0.759398 0.000000 0.201240 0.743166 0.759398
76.721848 20.000000 0.526474 0.759398 0.000000 0.201240 0.743166 0.759398
77.098396 20.000000 0.527449 0.759398 0.000000 0.201240 0.743166 0.759398
77.475868 20.000000 0.528428 0.759398 0.000000 0.201240 0.743166 0.759398
77.854263 20.000000 0.529459 0.759398 0.000000 0.201240 0.743166 0.759398
78.233574 20.000000 0.530459 0.759398 0.000000 0.201240 0.743166 0.759398
78.613808 20.000000 0.531506 0.759398 0.000000 0.201240 0.743166 0.759398
78.994965 20.000000 0.532471 0.759398 0.000000 0.201240 0.743166 0.759398
79.377045 20.000000 0.533523 0.759398 0.000000 0.201240 0.743166 0.759398
79.760048 20.000000 0.534492 0.759398 0.000000 0.201240 0.743166 0.759398
80.143974 20.000000 0.535506 0.759398 0.000000 0.201240 0.743166 0.759398
80.528816 20.000000 0.536421 0.759398 0.000000 0.201240 0.743166 0.759398
80.914581 20.000000 0.537386 0.759398 0.000000 0.201240 0.743166 0.759398
81.301270 20.000000 0.538339 0.759398 0.000000 0.201240 0.743166 0.759398
81.688881 20.000000 0.539296 0.759398 0.000000 0.201240 0.743166 0.759398
82.077415 20.000000 0.540283 0.759398 0.000000 0.201240 0.743166 0.759398
82.466866 20.000000 0.541211 0.759398 0.000000 0.201240 0.743166 0.759398
82.857239 20.000000 0.542142 0.759398 0.000000 0.201240 0.743166 0.759398
83.248535 20.000000 0.543047 0.759398 0.000000 0.201240 0.743166 0.759398
83.640755 20.000000 0.543999 0.759398 0.000000 0.201240 0.743166 0.759398
84.033897 20.000000 0.545012 0.759398 0.000000 0.201240 0.743166 0.759398
84.427963 20.000000 0.545954 0.759398 0.000000 0.201240 0.743166 0.759398
84.822945 20.000000 0.546832 0.759398 0.000000 0.201240 0.743166 0.759398
85.218849 20.000000 0.547793 0.759398 0.000000 0.201240 0.743166 0.759398
85.615677 20.000000 0.548713 0.759398 0.000000 0.201240 0.743166 0.759398
86.013428 20.000000 0.549512 0.759398 0.000000 0.201240 0.743166 0.759398
86.412102 20.000000 0.550443 0.759398 0.000000 0.201240 0.743166 0.759398
86.811691 20.000000 0.551288 0.759398 0.000000 0.201240 0.743166 0.759398
87.212204 20.000000 0.552215 0.759398 0.000000 0.201240 0.743166 0.759398
87.613640 20.000000 0.553141 0.759398 0.000000 0.201240 0.743166 0.759398
88.015999 20.000000 0.553949 0.759398 0.000000 0.201240 0.743166 0.759398
88.419281 20.000000 0.554888 0.759398 0.000000 0.201240 0.743166 0.759398
88.823486 20.000000 0.555705 0.759398 0.000000 0.201240 0.743166 0.759398
89.228607 20.000000 0.556592 0.759398 0.000000 0.201240 0.743166 0.759398
89.634651 20.000000 0.557472 0.759398 0.000000 0.201240 0.743166 0.759398
90.041618 20.000000 0.558295 0.759398 0.000000 0.201240 0.743166 0.759398
90.449509 20.000000 0.559098 0.759398 0.000000 0.201240 0.743166 0.759398
90.858322 20.000000 0.559968 0.759398 0.000000 0.201240 0.743166 0.759398
91.268051 20.000000 0.560824 0.759398 0.000000 0.201240 0.743166 0.759398
91.678703 20.000000 0.561704 0.759398 0.000000 0.201240 0.743166 0.759398
92.090279 20.000000 0.562616 0.759398 0.000000 0.201240 0.743166 0.759398
92.502777 20.000000 0.563477 0.759398 0.000000 0.201240 0.743166 0.759398
92.916199 20.000000 0.564289 0.759398 0.000000 0.201240 0.743166 0.759398
93.330544 20.000000 0.565201 0.759398 0.000000 0.201240 0.743166 0.759398
93.745804 20.000000 0.566123 0.759398 0.000000 0.201240 0.743166 0.759398
94.161987 20.000000 0.566922 0.759398 0.000000 0.201240 0.743166 0.759398
94.579094 20.000000 0.567711 0.759398 0.000000 0.201240 0.743166 0.759398
94.997124 20.000000 0.568537 0.759398 0.000000 0.201240 0.743166 0.759398
95.416077 20.000000 0.569361 0.759398 0.000000 0.201240 0.743166 0.759398
95.835945 20.000000 0.570152 0.759398 0.000000 0.201240 0.743166 0.759398
96.256737 20.000000 0.571018 0.759398 0.000000 0.201240 0.743166 0.759398
96.678452 20.000000 0.571882 0.759398 0.000000 0.201240 0.743166 0.759398
97.101089 20.000000 0.572682 0.759398 0.000000 0.201240 0.743166 0.759398
97.524651 20.000000 0.573498 0.759398 0.000000 0.201240 0.743166 0.759398
97.949135 20.000000 0.574338 0.759398 0.000000 0.201240 0.743166 0.759398
98.374535 20.000000 0.575096 0.759398 0.000000 0.201240 0.743166 0.759398
98.800858 20.000000 0.575895 0.759398 0.000000 0.201240 0.743166 0.759398
99.228104 20.000000 0.576652 0.759398 0.000000 0.201240 0.743166 0.759398
99.656273 20.000000 0.577410 0.759398 0.000000 0.201240 0.743166 0.759398
100.085365 20.000000 0.578168 0.759398 0.000000 0.201240 0.743166 0.759398
100.515381 20.000000 0.578967 0.759398 0.000000 0.201240 0.743166 0.759398
100.946312 20.000000 0.579798 0.759398 0.000000 0.201240 0.743166 0.759398
101.378166 20.000000 0.580577 0.759398 0.000000 0.201240 0.743166 0.759398
101.810944 20.000000 0.581293 0.759398 0.000000 0.201240 0.743166 0.759398
102.244644 20.000000 0.582066 0.759398 0.000000 0.201240 0.743166 0.759398
102.679268 20.000000 0.582831 0.759398 0.000000 0.201240 0.743166 0.759398
103.114807 20.000000 0.583597 0.759398 0.000000 0.201240 0.743166 0.759398
103.551270 20.000000 0.584311 0.759398 0.000000 0.201240 0.743166 0.759398
103.988655 20.000000 0.585066 0.759398 0.000000 0.201240 0.743166 0.759398
104.426964 20.000000 0.585795 0.759398 0.000000 0.201240 0.743166 0.759398
104.866196 20.000000 0.586518 0.759398 0.000000 0.201240 0.743166 0.759398
105.306351 20.000000 0.587207 0.759398 0.000000 0.201240 0.743166 0.759398
105.747421 20.000000 0.587918 0.759398 0.000000 0.201240 0.743166 0.759398
106.189415 20.000000 0.588627 0.759398 0.000000 0.201240 0.743166 0.759398
106.632332 20.000000 0.589328 0.759398 0.000000 0.201240 0.743166 0.759398
107.076172 20.000000 0.590092 0.759398 0.000000 0.201240 0.743166 0.759398
107.520935 20.000000 0.590796 0.759398 0.000000 0.201240 0.743166 0.759398
107.966614 20.000000 0.591508 0.759398 0.000000 0.201240 0.743166 0.759398
108.413216 20.000000 0.592174 0.759398 0.000000 0.201240 0.743166 0.759398
108.860741 20.000000 0.592832 0.759398 0.000000 0.201240 0.743166 0.759398
109.309189 20.000000 0.593519 0.759398 0.000000 0.201240 0.743166 0.759398
109.758560 20.000000 0.594263 0.759398 0.000000 0.201240 0.743166 0.759398
110.208855 20.000000 0.594976 0.759398 0.000000 0.201240 0.743166 0.759398
110.660065 20.000000 0.595735 0.759398 0.000000 0.201240 0.743166 0.759398
111.112198 20.000000 0.596471 0.759398 0.000000 0.201240 0.743166 0.759398
111.565254 20.000000 0.597103 0.759398 0.000000 0.201240 0.743166 0.759398
112.019234 20.000000 0.597772 0.759398 0.000000 0.201240 0.743166 0.759398
112.474136 20.000000 0.598475 0.759398 0.000000 0.201240 0.743166 0.759398
112.929955 20.000000 0.599132 0.759398 0.000000 0.201240 0.743166 0.759398
113.386696 20.000000 0.599794 0.759398 0.000000 0.201240 0.743166 0.759398
113.844360 20.000000 0.600516 0.759398 0.000000 0.201240 0.743166 0.759398
114.302948 20.000000 0.601260 0.759398 0.000000 0.201240 0.743166 0.759398
114.762459 20.000000 0.601943 0.759398 0.000000 0.201240 0.743166 0.759398
115.222893 20.000000 0.602678 0.759398 0.000000 0.201240 0.743166 0.759398
115.684242 20.000000 0.603486 0.759398 0.000000 0.201240 0.743166 0.759398
116.146515 20.000000 0.604158 0.759398 0.000000 0.201240 0.743166 0.759398
116.609711 20.000000 0.604874 0.759398 0.000000 0.201240 0.743166 0.759398
117.073830 20.000000 0.605543 0.759398 0.000000 0.201240 0.743166 0.759398
117.538872 20.000000 0.606188 0.759398 0.000000 0.201240 0.743166 0.759398
118.004829 20.000000 0.606805 0.759398 0.000000 0.201240 0.743166 0.759398
118.471710 20.000000 0.607519 0.759398 0.000000 0.201240 0.743166 0.759398
118.939514 20.000000 0.608170 0.759398 0.000000 0.201240 0.743166 0.759398
119.408241 20.000000 0.608896 0.759398 0.000000 0.201240 0.743166 0.759398
119.877892 20.000000 0.609594 0.759398 0.000000 0.201240 0.743166 0.759398
120.348465 20.000000 0.610240 0.759398 0.000000 0.201240 0.743166 0.759398
120.819954 20.000000 0.610835 0.759398 0.000000 0.201240 0.743166 0.759398
121.292366 20.000000 0.611523 0.759398 0.000000 0.201240 0.743166 0.759398
121.765701 20.000000 0.612220 0.759398 0.000000 0.201240 0.743166 0.759398
122.239960 20.000000 0.612808 0.759398 0.000000 0.201240 0.743166 0.759398
122.715141 20.000000 0.613398 0.759398 0.000000 0.201240 0.743166 0.759398
123.191246 20.000000 0.613982 0.759398 0.000000 0.201240 0.743166 0.759398
123.668266 20.000000 0.614647 0.759398 0.000000 0.201240 0.743166 0.759398
124.146210 20.000000 0.615274 0.759398 0.000000 0.201240 0.743166 0.759398
124.625076 20.000000 0.615870 0.759398 0.000000 0.201240 0.743166 0.759398
125.104866 20.000000 0.616529 0.759398 0.000000 0.201240 0.743166 0.759398
125.585579 20.000000 0.617188 0.759398 0.000000 0.201240 0.743166 0.759398
126.067207 20.000000 0.617820 0.759398 0.000000 0.201240 0.743166 0.759398
126.549759 20.000000 0.618450 0.759398 0.000000 0.201240 0.743166 0.759398
127.033234 20.000000 0.619049 0.759398 0.000000 0.201240 0.743166 0.759398
127.517632 20.000000 0.619660 0.759398 0.000000 0.201240 0.743166 0.759398
128.002945 20.000000 0.620287 0.759398 0.000000 0.201240 0.743166 0.759398
128.489182 20.000000 0.620845 0.759398 0.000000 0.201240 0.743166 0.759398
128.976349 20.000000 0.621409 0.759398 0.000000 0.201240 0.743166 0.759398
129.464432 20.000000 0.621997 0.759398 0.000000 0.201240 0.743166 0.759398
129.953430 20.000000 0.622591 0.759398 0.000000 0.201240 0.743166 0.759398
130.443359 20.000000 0.623226 0.759398 0.000000 0.201240 0.743166 0.759398
130.934204 20.000000 0.623825 0.759398 0.000000 0.201240 0.743166 0.759398
131.425980 20.000000 0.624503 0.759398 0.000000 0.201240 0.743166 0.759398
131.918671 20.000000 0.625056 0.759398 0.000000 0.201240 0.743166 0.759398
132.412292 20.000000 0.625713 0.759398 0.000000 0.201240 0.743166 0.759398
132.906830 20.000000 0.626313 0.759398 0.000000 0.201240 0.743166 0.759398
133.402283 20.000000 0.626902 0.759398 0.000000 0.201240 0.743166 0.759398
133.898666 20.000000 0.627495 0.759398 0.000000 0.201240 0.743166 0.759398
134.395966 20.000000 0.628066 0.759398 0.000000 0.201240 0.743166 0.759398
134.894196 20.000000 0.628656 0.759398 0.000000 0.201240 0.743166 0.759398
135.393341 20.000000 0.629246 0.759398 0.000000 0.201240 0.743166 0.759398
135.893402 20.000000 0.629838 0.759398 0.000000 0.201240 0.743166 0.759398
136.394394 20.000000 0.630465 0.759398 0.000000 0.201240 0.743166 0.759398
136.896301 20.000000 0.630951 0.759398 0.000000 0.201240 0.743166 0.759398
137.399139 20.000000 0.631507 0.759398 0.000000 0.201240 0.743166 0.759398
137.902893 20.000000 0.632090 0.759398 0.000000 0.201240 0.743166 0.759398
138.407562 20.000000 0.632713 0.759398 0.000000 0.201240 0.743166 0.759398
138.913162 20.000000 0.633262 0.759398 0.000000 0.201240 0.743166 0.759398
139.419678 20.000000 0.633808 0.759398 0.000000 0.201240 0.743166 0.759398
139.927124 20.000000 0.634387 0.759398 0.000000 0.201240 0.743166 0.759398
140.435486 20.000000 0.634908 0.759398 0.000000 0.201240 0.743166 0.759398
140.944778 20.000000 0.635481 0.759398 0.000000 0.201240 0.743166 0.759398
141.454987 20.000000 0.636014 0.759398 0.000000 0.201240 0.743166 0.759398
141.966110 20.000000 0.636609 0.759398 0.000000 0.201240 0.743166 0.759398
142.478165 20.000000 0.637138 0.759398 0.000000 0.201240 0.743166 0.759398
142.991135 20.000000 0.637689 0.759398 0.000000 0.201240 0.743166 0.759398
143.505035 20.000000 0.638285 0.759398 0.000000 0.201240 0.743166 0.759398
144.019852 20.000000 0.638843 0.759398 0.000000 0.201240 0.743166 0.759398
144.535583 20.000000 0.639378 0.759398 0.000000 0.201240 0.743166 0.759398
145.052246 20.000000 0.639927 0.759398 0.000000 0.201240 0.743166 0.759398
145.569824 20.000000 0.640532 0.759398 0.000000 0.201240 0.743166 0.759398
146.088333 20.000000 0.641038 0.759398 0.000000 0.201240 0.743166 0.759398
146.607758 20.000000 0.641564 0.759398 0.000000 0.201240 0.743166 0.759398
147.128098 20.000000 0.642108 0.759398 0.000000 0.201240 0.743166 0.759398
147.649368 20.000000 0.642652 0.759398 0.000000 0.201240 0.743166 0.759398
148.171555 20.000000 0.643117 0.759398 0.000000 0.201240 0.743166 0.759398
148.694672 20.000000 0.643666 0.759398 0.000000 0.201240 0.743166 0.759398
149.218704 20.000000 0.644158 0.759398 0.000000 0.201240 0.743166 0.759398
149.743652 20.000000 0.644706 0.759398 0.000000 0.201240 0.743166 0.759398
150.269531 20.000000 0.645261 0.759398 0.000000 0.201240 0.743166 0.759398
150.796326 20.000000 0.645774 0.759398 0.000000 0.201240 0.743166 0.759398
151.324051 20.000000 0.646393 0.759398 0.000000 0.201240 0.743166 0.759398
151.852692 20.000000 0.646885 0.759398 0.000000 0.201240 0.743166 0.759398
152.382263 20.000000 0.647443 0.759398 0.000000 0.201240 0.743166 0.759398
152.912750 20.000000 0.647960 0.759398 0.000000 0.201240 0.743166 0.759398
153.444153 20.000000 0.648476 0.759398 0.000000 0.201240 0.743166 0.759398
153.976486 20.000000 0.648993 0.759398 0.000000 0.201240 0.743166 0.759398
154.509735 20.000000 0.649465 0.759398 0.000000 0.201240 0.743166 0.759398
155.043915 20.000000 0.649959 0.759398 0.000000 0.201240 0.743166 0.759398
155.579010 20.000000 0.650492 0.759398 0.000000 0.201240 0.743166 0.759398
156.115021 20.000000 0.650960 0.759398 0.000000 0.201240 0.743166 0.759398
156.651962 20.000000 0.651471 0.759398 0.000000 0.201240 0.743166 0.759398
157.189819 20.000000 0.652058 0.759398 0.000000 0.201240 0.743166 0.759398
157.728607 20.000000 0.652567 0.759398 0.000000 0.201240 0.743166 0.759398
158.268311 20.000000 0.653091 0.759398 0.000000 0.201240 0.743166 0.759398
158.808929 20.000000 0.653600 0.759398 0.000000 0.201240 0.743166 0.759398
159.350479 20.000000 0.654128 0.759398 0.000000 0.201240 0.743166 0.759398
159.892944 20.000000 0.654587 0.759398 0.000000 0.201240 0.743166 0.759398
160.436340 20.000000 0.655059 0.759398 0.000000 0.201240 0.743166 0.759398
160.980652 20.000000 0.655510 0.759398 0.000000 0.201240 0.743166 0.759398
161.525894 20.000000 0.655913 0.759398 0.000000 0.201240 0.743166 0.759398
162.072052 20.000000 0.656368 0.759398 0.000000 0.201240 0.743166 0.759398
162.619125 20.000000 0.656853 0.759398 0.000000 0.201240 0.743166 0.759398
163.167130 20.000000 0.657345 0.759398 0.000000 0.201240 0.743166 0.759398
163.716049 20.000000 0.657778 0.759398 0.000000 0.201240 0.743166 0.759398
164.265900 20.000000 0.658215 0.759398 0.000000 0.201240 0.743166 0.759398
164.816666 20.000000 0.658686 0.759398 0.000000 0.201240 0.743166 0.759398
165.368347 20.000000 0.659149 0.759398 0.000000 0.201240 0.743166 0.759398
165.920959 20.000000 0.659594 0.759398 0.000000 0.201240 0.743166 0.759398
166.474487 20.000000 0.660070 0.759398 0.000000 0.201240 0.743166 0.759398
167.028946 20.000000 0.660589 0.759398 0.000000 0.201240 0.743166 0.759398
167.584320 20.000000 0.661007 0.759398 0.000000 0.201240 0.743166 0.759398
168.140610 20.000000 0.661509 0.759398 0.000000 0.201240 0.743166 0.759398
168.697830 20.000000 0.661955 0.759398 0.000000 0.201240 0.743166 0.759398
169.255966 20.000000 0.662407 0.759398 0.000000 0.201240 0.743166 0.759398
169.815033 20.000000 0.662884 0.759398 0.000000 0.201240 0.743166 0.759398
170.375015 20.000000 0.663371 0.759398 0.000000 0.201240 0.743166 0.759398
170.935913 20.000000 0.663819 0.759398 0.000000 0.201240 0.743166 0.759398
171.497742 20.000000 0.664257 0.759398 0.000000 0.201240 0.743166 0.759398
172.060486 20.000000 0.664735 0.759398 0.000000 0.201240 0.743166 0.759398
172.624161 20.000000 0.665173 0.759398 0.000000 0.201240 0.743166 0.759398
173.188751 20.000000 0.665644 0.759398 0.000000 0.201240 0.743166 0.759398
173.754272 20.000000 0.666103 0.759398 0.000000 0.201240 0.743166 0.759398
174.320709 20.000000 0.666527 0.759398 0.000000 0.201240 0.743166 0.759398
174.888062 20.000000 0.666996 0.759398 0.000000 0.201240 0.743166 0.759398
175.456345 20.000000 0.667493 0.759398 0.000000 0.201240 0.743166 0.759398
176.025543 20.000000 0.667925 0.759398 0.000000 0.201240 0.743166 0.759398
176.595673 20.000000 0.668336 0.759398 0.000000 0.201240 0.743166 0.759398
177.166718 20.000000 0.668791 0.759398 0.000000 0.201240 0.743166 0.759398
177.738678 20.000000 0.669270 0.759398 0.000000 0.201240 0.743166 0.759398
178.311569 20.000000 0.669754 0.759398 0.000000 0.201240 0.743166 0.759398
178.885376 20.000000 0.670239 0.759398 0.000000 0.201240 0.743166 0.759398
179.460114 20.000000 0.670664 0.759398 0.000000 0.201240 0.743166 0.759398
180.035767 20.000000 0.671145 0.759398 0.000000 0.201240 0.743166 0.759398
180.612335 20.000000 0.671575 0.759398 0.000000 0.201240 0.743166 0.759398
181.189835 20.000000 0.671980 0.759398 0.000000 0.201240 0.743166 0.759398
181.768250 20.000000 0.672428 0.759398 0.000000 0.201240 0.743166 0.759398
182.347595 20.000000 0.672899 0.759398 0.000000 0.201240 0.743166 0.759398
182.927856 20.000000 0.673350 0.759398 0.000000 0.201240 0.743166 0.759398
183.509033 20.000000 0.673814 0.759398 0.000000 0.201240 0.743166 0.759398
184.091141 20.000000 0.674260 0.759398 0.000000 0.201240 0.743166 0.759398
184.674164 20.000000 0.674741 0.759398 0.000000 0.201240 0.743166 0.759398
185.258118 20.000000 0.675224 0.759398 0.000000 0.201240 0.743166 0.759398
185.842987 20.000000 0.675643 0.759398 0.000000 0.201240 0.743166 0.759398
186.428787 20.000000 0.676089 0.759398 0.000000 0.201240 0.743166 0.759398
187.015503 20.000000 0.676517 0.759398 0.000000 0.201240 0.743166 0.759398
187.603134 20.000000 0.676986 0.759398 0.000000 0.201240 0.743166 0.759398
188.191696 20.000000 0.677447 0.759398 0.000000 0.201240 0.743166 0.759398
188.781174 20.000000 0.677858 0.759398 0.000000 0.201240 0.743166 0.759398
189.371582 20.000000 0.678285 0.759398 0.000000 0.201240 0.743166 0.759398
189.962906 20.000000 0.678737 0.759398 0.000000 0.201240 0.743166 0.759398
190.555145 20.000000 0.679146 0.759398 0.000000 0.201240 0.743166 0.759398
191.148315 20.000000 0.679588 0.759398 0.000000 0.201240 0.743166 0.759398
191.742401 20.000000 0.680037 0.759398 0.000000 0.201240 0.743166 0.759398
192.337418 20.000000 0.680447 0.759398 0.000000 0.201240 0.743166 0.759398
192.933350 20.000000 0.680917 0.759398 0.000000 0.201240 0.743166 0.759398
193.530197 20.000000 0.681289 0.759398 0.000000 0.201240 0.743166 0.759398
194.127975 20.000000 0.681723 0.759398 0.000000 0.201240 0.743166 0.759398
194.726669 20.000000 0.682185 0.759398 0.000000 0.201240 0.743166 0.759398
195.326294 20.000000 0.682597 0.759398 0.000000 0.201240 0.743166 0.759398
195.926834 20.000000 0.683057 0.759398 0.000000 0.201240 0.743166 0.759398
196.528305 20.000000 0.683529 0.759398 0.000000 0.201240 0.743166 0.759398
197.130692 20.000000 0.683959 0.759398 0.000000 0.201240 0.743166 0.759398
197.733994 20.000000 0.684345 0.759398 0.000000 0.201240 0.743166 0.759398
198.338226 20.000000 0.684773 0.759398 0.000000 0.201240 0.743166 0.759398
198.943375 20.000000 0.685171 0.759398 0.000000 0.201240 0.743166 0.759398
199.549454 20.000000 0.685578 0.759398 0.000000 0.201240 0.743166 0.759398
200.156448 20.000000 0.685946 0.759398 0.000000 0.201240 0.743166 0.759398
200.764359 20.000000 0.686391 0.759398 0.000000 0.201240 0.743166 0.759398
201.373199 20.000000 0.686750 0.759398 0.000000 0.201240 0.743166 0.759398
201.982956 20.000000 0.687191 0.759398 0.000000 0.201240 0.743166 0.759398
202.593643 20.000000 0.687598 0.759398 0.000000 0.201240 0.743166 0.759398
203.205246 20.000000 0.687976 0.759398 0.000000 0.201240 0.743166 0.759398
203.817764 20.000000 0.688360 0.759398 0.000000 0.201240 0.743166 0.759398
204.431213 20.000000 0.688754 0.759398 0.000000 0.201240 0.743166 0.759398
205.045578 20.000000 0.689108 0.759398 0.000000 0.201240 0.743166 0.759398
205.660873 20.000000 0.689465 0.759398 0.000000 0.201240 0.743166 0.759398
206.277084 20.000000 0.689939 0.759398 0.000000 0.201240 0.743166 0.759398
206.894211 20.000000 0.690245 0.759398 0.000000 0.201240 0.743166 0.759398
207.512268 20.000000 0.690674 0.759398 0.000000 0.201240 0.743166 0.759398
208.131241 20.000000 0.691061 0.759398 0.000000 0.201240 0.743166 0.759398
208.751144 20.000000 0.691419 0.759398 0.000000 0.201240 0.743166 0.759398
209.371964 20.000000 0.691814 0.759398 0.000000 0.201240 0.743166 0.759398
209.993713 20.000000 0.692141 0.759398 0.000000 0.201240 0.743166 0.759398
210.616379 20.000000 0.692523 0.759398 0.000000 0.201240 0.743166 0.759398
211.239960 20.000000 0.692882 0.759398 0.000000 0.201240 0.743166 0.759398
211.864471 20.000000 0.693217 0.759398 0.000000 0.201240 0.743166 0.759398
212.489899 20.000000 0.693570 0.759398 0.000000 0.201240 0.743166 0.759398
213.116257 20.000000 0.693944 0.759398 0.000000 0.201240 0.743166 0.759398
213.743530 20.000000 0.694245 0.759398 0.000000 0.201240 0.743166 0.759398
214.371719 20.000000 0.694605 0.759398 0.000000 0.201240 0.743166 0.759398
215.000839 20.000000 0.694959 0.759398 0.000000 0.201240 0.743166 0.759398
215.630875 20.000000 0.695320 0.759398 0.000000 0.201240 0.743166 0.759398
216.261841 20.000000 0.695630 0.759398 0.000000 0.201240 0.743166 0.759398
216.893723 20.000000 0.695988 0.759398 0.000000 0.201240 0.743166 0.759398
217.526520 20.000000 0.696354 0.759398 0.000000 0.201240 0.743166 0.759398
218.160248 20.000000 0.696704 0.759398 0.000000 0.201240 0.743166 0.759398
218.794891 20.000000 0.697058 0.759398 0.000000 0.201240 0.743166 0.759398
219.430466 20.000000 0.697390 0.759398 0.000000 0.201240 0.743166 0.759398
220.066956 20.000000 0.697689 0.759398 0.000000 0.201240 0.743166 0.759398
220.704376 20.000000 0.697971 0.759398 0.000000 0.201240 0.743166 0.759398
221.342712 20.000000 0.698318 0.759398 0.000000 0.201240 0.743166 0.759398
221.981964 20.000000 0.698634 0.759398 0.000000 0.201240 0.743166 0.759398
222.622147 20.000000 0.698924 0.759398 0.000000 0.201240 0.743166 0.759398
223.263245 20.000000 0.699265 0.759398 0.000000 0.201240 0.743166 0.759398
223.905273 20.000000 0.699568 0.759398 0.000000 0.201240 0.743166 0.759398
224.548218 20.000000 0.699907 0.759398 0.000000 0.201240 0.743166 0.759398
225.192078 20.000000 0.700231 0.759398 0.000000 0.201240 0.743166 0.759398
225.836868 20.000000 0.700603 0.759398 0.000000 0.201240 0.743166 0.759398
226.482574 20.000000 0.700910 0.759398 0.000000 0.201240 0.743166 0.759398
227.129211 20.000000 0.701260 0.759398 0.000000 0.201240 0.743166 0.759398
227.776764 20.000000 0.701528 0.759398 0.000000 0.201240 0.743166 0.759398
228.425232 20.000000 0.701777 0.759398 0.000000 0.201240 0.743166 0.759398
229.074631 20.000000 0.702065 0.759398 0.000000 0.201240 0.743166 0.759398
229.724945 20.000000 0.702362 0.759398 0.000000 0.201240 0.743166 0.759398
230.376190 20.000000 0.702677 0.759398 0.000000 0.201240 0.743166 0.759398
231.028351 20.000000 0.702994 0.759398 0.000000 0.201240 0.743166 0.759398
231.681427 20.000000 0.703302 0.759398 0.000000 0.201240 0.743166 0.759398
232.335434 20.000000 0.703629 0.759398 0.000000 0.201240 0.743166 0.759398
232.990356 20.000000 0.703905 0.759398 0.000000 0.201240 0.743166 0.759398
233.646210 20.000000 0.704195 0.759398 0.000000 0.201240 0.743166 0.759398
234.302979 20.000000 0.704480 0.759398 0.000000 0.201240 0.743166 0.759398
234.960678 20.000000 0.704776 0.759398 0.000000 0.201240 0.743166 0.759398
235.619293 20.000000 0.705000 0.759398 0.000000 0.201240 0.743166 0.759398
236.278824 20.000000 0.705252 0.759398 0.000000 0.201240 0.743166 0.759398
236.939285 20.000000 0.705596 0.759398 0.000000 0.201240 0.743166 0.759398
237.600662 20.000000 0.705875 0.759398 0.000000 0.201240 0.743166 0.759398
238.262970 20.000000 0.706193 0.759398 0.000000 0.201240 0.743166 0.759398
238.926193 20.000000 0.706470 0.759398 0.000000 0.201240 0.743166 0.759398
239.590332 20.000000 0.706757 0.759398 0.000000 0.201240 0.743166 0.759398
240.255402 20.000000 0.707038 0.759398 0.000000 0.201240 0.743166 0.759398
240.921387 20.000000 0.707310 0.759398 0.000000 0.201240 0.743166 0.759398
241.588303 20.000000 0.707550 0.759398 0.000000 0.201240 0.743166 0.759398
242.256134 20.000000 0.707859 0.759398 0.000000 0.201240 0.743166 0.759398
242.924881 20.000000 0.708149 0.759398 0.000000 0.201240 0.743166 0.759398
243.594559 20.000000 0.708475 0.759398 0.000000 0.201240 0.743166 0.759398
244.265152 20.000000 0.708729 0.759398 0.000000 0.201240 0.743166 0.759398
244.936676 20.000000 0.708985 0.759398 0.000000 0.201240 0.743166 0.759398
245.609116 20.000000 0.709248 0.759398 0.000000 0.201240 0.743166 0.759398
246.282471 20.000000 0.709542 0.759398 0.000000 0.201240 0.743166 0.759398
246.956757 20.000000 0.709850 0.759398 0.000000 0.201240 0.743166 0.759398
247.631958 20.000000 0.710135 0.759398 0.000000 0.201240 0.743166 0.759398
248.308090 20.000000 0.710382 0.759398 0.000000 0.201240 0.743166 0.759398
248.985138 20.000000 0.710659 0.759398 0.000000 0.201240 0.743166 0.759398
249.663116 20.000000 0.710936 0.759398 0.000000 0.201240 0.743166 0.759398
250.342010 20.000000 0.711187 0.759398 0.000000 0.201240 0.743166 0.759398
251.021820 20.000000 0.711420 0.759398 0.000000 0.201240 0.743166 0.759398
251.702560 20.000000 0.711699 0.759398 0.000000 0.201240 0.743166 0.759398
252.384216 20.000000 0.711930 0.759398 0.000000 0.201240 0.743166 0.759398
253.066803 20.000000 0.712154 0.759398 0.000000 0.201240 0.743166 0.759398
253.750305 20.000000 0.712383 0.759398 0.000000 0.201240 0.743166 0.759398
254.434723 20.000000 0.712613 0.759398 0.000000 0.201240 0.743166 0.759398
255.120071 20.000000 0.712879 0.759398 0.000000 0.201240 0.743166 0.759398
255.806335 20.000000 0.713153 0.759398 0.000000 0.201240 0.743166 0.759398
256.493530 20.000000 0.713387 0.759398 0.000000 0.201240 0.743166 0.759398
257.181641 20.000000 0.713632 0.759398 0.000000 0.201240 0.743166 0.759398
257.870667 20.000000 0.713884 0.759398 0.000000 0.201240 0.743166 0.759398
258.560608 20.000000 0.714096 0.759398 0.000000 0.201240 0.743166 0.759398
259.251495 20.000000 0.714321 0.759398 0.000000 0.201240 0.743166 0.759398
259.943298 20.000000 0.714564 0.759398 0.000000 0.201240 0.743166 0.759398
260.636017 20.000000 0.714795 0.759398 0.000000 0.201240 0.743166 0.759398
261.329651 20.000000 0.715024 0.759398 0.000000 0.201240 0.743166 0.759398
262.024200 20.000000 0.715248 0.759398 0.000000 0.201240 0.743166 0.759398
262.719696 20.000000 0.715459 0.759398 0.000000 0.201240 0.743166 0.759398
263.416107 20.000000 0.715702 0.759398 0.000000 0.201240 0.743166 0.759398
264.113434 20.000000 0.715916 0.759398 0.000000 0.201240 0.743166 0.759398
264.811676 20.000000 0.716105 0.759398 0.000000 0.201240 0.743166 0.759398
265.510834 20.000000 0.716343 0.759398 0.000000 0.201240 0.743166 0.759398
266.210938 20.000000 0.716615 0.759398 0.000000 0.201240 0.743166 0.759398
266.911957 20.000000 0.716894 0.759398 0.000000 0.201240 0.743166 0.759398
267.613892 20.000000 0.717127 0.759398 0.000000 0.201240 0.743166 0.759398
268.316742 20.000000 0.717345 0.759398 0.000000 0.201240 0.743166 0.759398
269.020538 20.000000 0.717607 0.759398 0.000000 0.201240 0.743166 0.759398
269.725250 20.000000 0.717848 0.759398 0.000000 0.201240 0.743166 0.759398
270.430878 20.000000 0.718083 0.759398 0.000000 0.201240 0.743166 0.759398
271.137421 20.000000 0.718320 0.759398 0.000000 0.201240 0.743166 0.759398
271.844879 20.000000 0.718548 0.759398 0.000000 0.201240 0.743166 0.759398
272.553284 20.000000 0.718742 0.759398 0.000000 0.201240 0.743166 0.759398
273.262604 20.000000 0.718961 0.759398 0.000000 0.201240 0.743166 0.759398
273.972839 20.000000 0.719166 0.759398 0.000000 0.201240 0.743166 0.759398
274.683990 20.000000 0.719390 0.759398 0.000000 0.201240 0.743166 0.759398
275.396057 20.000000 0.719575 0.759398 0.000000 0.201240 0.743166 0.759398
276.109070 20.000000 0.719813 0.759398 0.000000 0.201240 0.743166 0.759398
276.822998 20.000000 0.720036 0.759398 0.000000 0.201240 0.743166 0.759398
277.537842 20.000000 0.720286 0.759398 0.000000 0.201240 0.743166 0.759398
278.253601 20.000000 0.720487 0.759398 0.000000 0.201240 0.743166 0.759398
278.970276 20.000000 0.720737 0.759398 0.000000 0.201240 0.743166 0.759398
279.687897 20.000000 0.720929 0.759398 0.000000 0.201240 0.743166 0.759398
280.406433 20.000000 0.721151 0.759398 0.000000 0.201240 0.743166 0.759398
281.125885 20.000000 0.721356 0.759398 0.000000 0.201240 0.743166 0.759398
281.846252 20.000000 0.721530 0.759398 0.000000 0.201240 0.743166 0.759398
282.567535 20.000000 0.721731 0.759398 0.000000 0.201240 0.743166 0.759398
283.289764 20.000000 0.721915 0.759398 0.000000 0.201240 0.743166 0.759398
284.012909 20.000000 0.722115 0.759398 0.000000 0.201240 0.743166 0.759398
284.736969 20.000000 0.722331 0.759398 0.000000 0.201240 0.743166 0.759398
285.461945 20.000000 0.722493 0.759398 0.000000 0.201240 0.743166 0.759398
286.187836 20.000000 0.722692 0.759398 0.000000 0.201240 0.743166 0.759398
286.914673 20.000000 0.722879 0.759398 0.000000 0.201240 0.743166 0.759398
287.642426 20.000000 0.723062 0.759398 0.000000 0.201240 0.743166 0.759398
288.371094 20.000000 0.723272 0.759398 0.000000 0.201240 0.743166 0.759398
289.100677 20.000000 0.723456 0.759398 0.000000 0.201240 0.743166 0.759398
289.831177 20.000000 0.723646 0.759398 0.000000 0.201240 0.743166 0.759398
290.562622 20.000000 0.723848 0.759398 0.000000 0.201240 0.743166 0.759398
291.294983 20.000000 0.724016 0.759398 0.000000 0.201240 0.743166 0.759398
292.028259 20.000000 0.724164 0.759398 0.000000 0.201240 0.743166 0.759398
292.762451 20.000000 0.724324 0.759398 0.000000 0.201240 0.743166 0.759398
293.497559 20.000000 0.724538 0.759398 0.000000 0.201240 0.743166 0.759398
294.233612 20.000000 0.724735 0.759398 0.000000 0.201240 0.743166 0.759398
294.970581 20.000000 0.724908 0.759398 0.000000 0.201240 0.743166 0.759398
295.708466 20.000000 0.725084 0.759398 0.000000 0.201240 0.743166 0.759398
296.447266 20.000000 0.725271 0.759398 0.000000 0.201240 0.743166 0.759398
297.187012 20.000000 0.725442 0.759398 0.000000 0.201240 0.743166 0.759398
297.927673 20.000000 0.725661 0.759398 0.000000 0.201240 0.743166 0.759398
298.669250 20.000000 0.725822 0.759398 0.000000 0.201240 0.743166 0.759398
299.411743 20.000000 0.726004 0.759398 0.000000 0.201240 0.743166 0.759398
300.155151 20.000000 0.726198 0.759398 0.000000 0.201240 0.743166 0.759398
300.899506 20.000000 0.726396 0.759398 0.000000 0.201240 0.743166 0.759398
301.644775 20.000000 0.726566 0.759398 0.000000 0.201240 0.743166 0.759398
302.390961 20.000000 0.726758 0.759398 0.000000 0.201240 0.743166 0.759398
303.138062 20.000000 0.726946 0.759398 0.000000 0.201240 0.743166 0.759398
303.886078 20.000000 0.727105 0.759398 0.000000 0.201240 0.743166 0.759398
304.635040 20.000000 0.727283 0.759398 0.000000 0.201240 0.743166 0.759398
305.384918 20.000000 0.727508 0.759398 0.000000 0.201240 0.743166 0.759398
306.135712 20.000000 0.727686 0.759398 0.000000 0.201240 0.743166 0.759398
306.887421 20.000000 0.727847 0.759398 0.000000 0.201240 0.743166 0.759398
307.640045 20.000000 0.728003 0.759398 0.000000 0.201240 0.743166 0.759398
308.393616 20.000000 0.728170 0.759398 0.000000 0.201240 0.743166 0.759398
309.148102 20.000000 0.728340 0.759398 0.000000 0.201240 0.743166 0.759398
309.903503 20.000000 0.728497 0.759398 0.000000 0.201240 0.743166 0.759398
310.659821 20.000000 0.728677 0.759398 0.000000 0.201240 0.743166 0.759398
311.417053 20.000000 0.728854 0.759398 0.000000 0.201240 0.743166 0.759398
312.175232 20.000000 0.729015 0.759398 0.000000 0.201240 0.743166 0.759398
312.934326 20.000000 0.729182 0.759398 0.000000 0.201240 0.743166 0.759398
313.694336 20.000000 0.729378 0.759398 0.000000 0.201240 0.743166 0.759398
314.455261 20.000000 0.729585 0.759398 0.000000 0.201240 0.743166 0.759398
315.217102 20.000000 0.729751 0.759398 0.000000 0.201240 0.743166 0.759398
315.979889 20.000000 0.729936 0.759398 0.000000 0.201240 0.743166 0.759398
316.743591 20.000000 0.730090 0.759398 0.000000 0.201240 0.743166 0.759398
317.508209 20.000000 0.730261 0.759398 0.000000 0.201240 0.743166 0.759398
318.273743 20.000000 0.730466 0.759398 0.000000 0.201240 0.743166 0.759398
319.040192 20.000000 0.730634 0.759398 0.000000 0.201240 0.743166 0.759398
319.807587 20.000000 0.730779 0.759398 0.000000 0.201240 0.743166 0.759398
320.575897 20.000000 0.730993 0.759398 0.000000 0.201240 0.743166 0.759398
321.345123 20.000000 0.731166 0.759398 0.000000 0.201240 0.743166 0.759398
322.115265 20.000000 0.731346 0.759398 0.000000 0.201240 0.743166 0.759398
322.886322 20.000000 0.731507 0.759398 0.000000 0.201240 0.743166 0.759398
323.658325 20.000000 0.731708 0.759398 0.000000 0.201240 0.743166 0.759398
324.431244 20.000000 0.731874 0.759398 0.000000 0.201240 0.743166 0.759398
325.205078 20.000000 0.732015 0.759398 0.000000 0.201240 0.743166 0.759398
325.979828 20.000000 0.732187 0.759398 0.000000 0.201240 0.743166 0.759398
326.755493 20.000000 0.732354 0.759398 0.000000 0.201240 0.743166 0.759398
327.532104 20.000000 0.732573 0.759398 0.000000 0.201240 0.743166 0.759398
328.309631 20.000000 0.732759 0.759398 0.000000 0.201240 0.743166 0.759398
329.088074 20.000000 0.732920 0.759398 0.000000 0.201240 0.743166 0.759398
329.867432 20.000000 0.733068 0.759398 0.000000 0.201240 0.743166 0.759398
330.647736 20.000000 0.733226 0.759398 0.000000 0.201240 0.743166 0.759398
331.428955 20.000000 0.733414 0.759398 0.000000 0.201240 0.743166 0.759398
332.211090 20.000000 0.733542 0.759398 0.000000 0.201240 0.743166 0.759398
332.994141 20.000000 0.733698 0.759398 0.000000 0.201240 0.743166 0.759398
333.778107 20.000000 0.733833 0.759398 0.000000 0.201240 0.743166 0.759398
334.563019 20.000000 0.733968 0.759398 0.000000 0.201240 0.743166 0.759398
335.348846 20.000000 0.734145 0.759398 0.000000 0.201240 0.743166 0.759398
336.135590 20.000000 0.734323 0.759398 0.000000 0.201240 0.743166 0.759398
336.923248 20.000000 0.734512 0.759398 0.000000 0.201240 0.743166 0.759398
337.711823 20.000000 0.734682 0.759398 0.000000 0.201240 0.743166 0.759398
338.501343 20.000000 0.734838 0.759398 0.000000 0.201240 0.743166 0.759398
339.291779 20.000000 0.735004 0.759398 0.000000 0.201240 0.743166 0.759398
340.083130 20.000000 0.735157 0.759398 0.000000 0.201240 0.743166 0.759398
340.875397 20.000000 0.735306 0.759398 0.000000 0.201240 0.743166 0.759398
341.668579 20.000000 0.735439 0.759398 0.000000 0.201240 0.743166 0.759398
342.462708 20.000000 0.735571 0.759398 0.000000 0.201240 0.743166 0.759398
343.257751 20.000000 0.735733 0.759398 0.000000 0.201240 0.743166 0.759398
344.053711 20.000000 0.735906 0.759398 0.000000 0.201240 0.743166 0.759398
344.850586 20.000000 0.736095 0.759398 0.000000 0.201240 0.743166 0.759398
345.648376 20.000000 0.736248 0.759398 0.000000 0.201240 0.743166 0.759398
346.447113 20.000000 0.736423 0.759398 0.000000 0.201240 0.743166 0.759398
347.246765 20.000000 0.736562 0.759398 0.000000 0.201240 0.743166 0.759398
348.047333 20.000000 0.736721 0.759398 0.000000 0.201240 0.743166 0.759398
348.848816 20.000000 0.736882 0.759398 0.000000 0.201240 0.743166 0.759398
349.651215 20.000000 0.737093 0.759398 0.000000 0.201240 0.743166 0.759398
350.454559 20.000000 0.737247 0.759398 0.000000 0.201240 0.743166 0.759398
351.258820 20.000000 0.737377 0.759398 0.000000 0.201240 0.743166 0.759398
352.063995 20.000000 0.737471 0.759398 0.000000 0.201240 0.743166 0.759398
352.870087 20.000000 0.737634 0.759398 0.000000 0.201240 0.743166 0.759398
353.677094 20.000000 0.737801 0.759398 0.000000 0.201240 0.743166 0.759398
354.485046 20.000000 0.737927 0.759398 0.000000 0.201240 0.743166 0.759398
355.293915 20.000000 0.738077 0.759398 0.000000 0.201240 0.743166 0.759398
356.103699 20.000000 0.738221 0.759398 0.000000 0.201240 0.743166 0.759398
356.914398 20.000000 0.738356 0.759398 0.000000 0.201240 0.743166 0.759398
357.726013 20.000000 0.738537 0.759398 0.000000 0.201240 0.743166 0.759398
358.538574 20.000000 0.738668 0.759398 0.000000 0.201240 0.743166 0.759398
359.352051 20.000000 0.738810 0.759398 0.000000 0.201240 0.743166 0.759398
360.166443 20.000000 0.738920 0.759398 0.000000 0.201240 0.743166 0.759398
360.981750 20.000000 0.739065 0.759398 0.000000 0.201240 0.743166 0.759398
361.798004 20.000000 0.739197 0.759398 0.000000 0.201240 0.743166 0.759398
362.615173 20.000000 0.739326 0.759398 0.000000 0.201240 0.743166 0.759398
363.433258 20.000000 0.739476 0.759398 0.000000 0.201240 0.743166 0.759398
364.252258 20.000000 0.739622 0.759398 0.000000 0.201240 0.743166 0.759398
365.072174 20.000000 0.739748 0.759398 0.000000 0.201240 0.743166 0.759398
365.893036 20.000000 0.739893 0.759398 0.000000 0.201240 0.743166 0.759398
366.714813 20.000000 0.740080 0.759398 0.000000 0.201240 0.743166 0.759398
367.537506 20.000000 0.740234 0.759398 0.000000 0.201240 0.743166 0.759398
368.361115 20.000000 0.740367 0.759398 0.000000 0.201240 0.743166 0.759398
369.185638 20.000000 0.740550 0.759398 0.000000 0.201240 0.743166 0.759398
370.011108 20.000000 0.740692 0.759398 0.000000 0.201240 0.743166 0.759398
370.837494 20.000000 0.740802 0.759398 0.000000 0.201240 0.743166 0.759398
371.664795 20.000000 0.740904 0.759398 0.000000 0.201240 0.743166 0.759398
372.493011 20.000000 0.741028 0.759398 0.000000 0.201240 0.743166 0.759398
373.322144 20.000000 0.741174 0.759398 0.000000 0.201240 0.743166 0.759398
374.152222 20.000000 0.741289 0.759398 0.000000 0.201240 0.743166 0.759398
374.983215 20.000000 0.741433 0.759398 0.000000 0.201240 0.743166 0.759398
375.815125 20.000000 0.741536 0.759398 0.000000 0.201240 0.743166 0.759398
376.647949 20.000000 0.741664 0.759398 0.000000 0.201240 0.743166 0.759398
377.481689 20.000000 0.741830 0.759398 0.000000 0.201240 0.743166 0.759398
378.316376 20.000000 0.741997 0.759398 0.000000 0.201240 0.743166 0.759398
379.151978 20.000000 0.742146 0.759398 0.000000 0.201240 0.743166 0.759398
379.988495 20.000000 0.742264 0.759398 0.000000 0.201240 0.743166 0.759398
380.825928 20.000000 0.742403 0.759398 0.000000 0.201240 0.743166 0.759398
381.664276 20.000000 0.742524 0.759398 0.000000 0.201240 0.743166 0.759398
382.503571 20.000000 0.742634 0.759398 0.000000 0.201240 0.743166 0.759398
383.343781 20.000000 0.742725 0.759398 0.000000 0.201240 0.743166 0.759398
384.184906 20.000000 0.742837 0.759398 0.000000 0.201240 0.743166 0.759398
385.026947 20.000000 0.742966 0.759398 0.000000 0.201240 0.743166 0.759398
385.869904 20.000000 0.743114 0.759398 0.000000 0.201240 0.743166 0.759398
386.713806 20.000000 0.743258 0.759398 0.000000 0.201240 0.743166 0.759398
387.558624 20.000000 0.743389 0.759398 0.000000 0.201240 0.743166 0.759398
388.404358 20.000000 0.743531 0.759398 0.000000 0.201240 0.743166 0.759398
389.251007 20.000000 0.743665 0.759398 0.000000 0.201240 0.743166 0.759398
390.098572 20.000000 0.743782 0.759398 0.000000 0.201240 0.743166 0.759398
390.947083 20.000000 0.743904 0.759398 0.000000 0.201240 0.743166 0.759398
391.796509 20.000000 0.743986 0.759398 0.000000 0.201240 0.743166 0.759398
392.646851 20.000000 0.744133 0.759398 0.000000 0.201240 0.743166 0.759398
393.498108 20.000000 0.744251 0.759398 0.000000 0.201240 0.743166 0.759398
394.350311 20.000000 0.744389 0.759398 0.000000 0.201240 0.743166 0.759398
395.203430 20.000000 0.744537 0.759398 0.000000 0.201240 0.743166 0.759398
396.057465 20.000000 0.744649 0.759398 0.000000 0.201240 0.743166 0.759398
396.912415 20.000000 0.744787 0.759398 0.000000 0.201240 0.743166 0.759398
397.768280 20.000000 0.744936 0.759398 0.000000 0.201240 0.743166 0.759398
398.625092 20.000000 0.745049 0.759398 0.000000 0.201240 0.743166 0.759398
399.482819 20.000000 0.745215 0.759398 0.000000 0.201240 0.743166 0.759398
400.341461 20.000000 0.745350 0.759398 0.000000 0.201240 0.743166 0.759398
401.201019 20.000000 0.745478 0.759398 0.000000 0.201240 0.743166 0.759398
402.061493 20.000000 0.745574 0.759398 0.000000 0.201240 0.743166 0.759398
402.922913 20.000000 0.745708 0.759398 0.000000 0.201240 0.743166 0.759398
403.785248 20.000000 0.745829 0.759398 0.000000 0.201240 0.743166 0.759398
404.648499 20.000000 0.745939 0.759398 0.000000 0.201240 0.743166 0.759398
405.512665 20.000000 0.746047 0.759398 0.000000 0.201240 0.743166 0.759398
406.377747 20.000000 0.746173 0.759398 0.000000 0.201240 0.743166 0.759398
407.243774 20.000000 0.746273 0.759398 0.000000 0.201240 0.743166 0.759398
408.110718 20.000000 0.746420 0.759398 0.000000 0.201240 0.743166 0.759398
408.978577 20.000000 0.746540 0.759398 0.000000 0.201240 0.743166 0.759398
409.847351 20.000000 0.746637 0.759398 0.000000 0.201240 0.743166 0.759398
410.717041 20.000000 0.746761 0.759398 0.000000 0.201240 0.743166 0.759398
411.587677 20.000000 0.746880 0.759398 0.000000 0.201240 0.743166 0.759398
412.459229 20.000000 0.747012 0.759398 0.000000 0.201240 0.743166 0.759398
413.331696 20.000000 0.747118 0.759398 0.000000 0.201240 0.743166 0.759398
414.205078 20.000000 0.747266 0.759398 0.000000 0.201240 0.743166 0.759398
415.079376 20.000000 0.747372 0.759398 0.000000 0.201240 0.743166 0.759398
415.954620 20.000000 0.747492 0.759398 0.000000 0.201240 0.743166 0.759398
416.830780 20.000000 0.747611 0.759398 0.000000 0.201240 0.743166 0.759398
417.707855 20.000000 0.747736 0.759398 0.000000 0.201240 0.743166 0.759398
418.585846 20.000000 0.747841 0.759398 0.000000 0.201240 0.743166 0.759398
419.464752 20.000000 0.747963 0.759398 0.000000 0.201240 0.743166 0.759398
420.344604 20.000000 0.748066 0.759398 0.000000 0.201240 0.743166 0.759398
421.225372 20.000000 0.748212 0.759398 0.000000 0.201240 0.743166 0.759398
422.107056 20.000000 0.748325 0.759398 0.000000 0.201240 0.743166 0.759398
422.989655 20.000000 0.748450 0.759398 0.000000 0.201240 0.743166 0.759398
423.873169 20.000000 0.748566 0.759398 0.000000 0.201240 0.743166 0.759398
424.757629 20.000000 0.748680 0.759398 0.000000 0.201240 0.743166 0.759398
425.643005 20.000000 0.748816 0.759398 0.000000 0.201240 0.743166 0.759398
426.529297 20.000000 0.748942 0.759398 0.000000 0.201240 0.743166 0.759398
427.416504 20.000000 0.749045 0.759398 0.000000 0.201240 0.743166 0.759398
428.304657 20.000000 0.749130 0.759398 0.000000 0.201240 0.743166 0.759398
429.193726 20.000000 0.749235 0.759398 0.000000 0.201240 0.743166 0.759398
430.083710 20.000000 0.749339 0.759398 0.000000 0.201240 0.743166 0.759398
430.974609 20.000000 0.749450 0.759398 0.000000 0.201240 0.743166 0.759398
431.866425 20.000000 0.749575 0.759398 0.000000 0.201240 0.743166 0.759398
432.759186 20.000000 0.749684 0.759398 0.000000 0.201240 0.743166 0.759398
433.652863 20.000000 0.749802 0.759398 0.000000 0.201240 0.743166 0.759398
434.547455 20.000000 0.749903 0.759398 0.000000 0.201240 0.743166 0.759398
435.442963 20.000000 0.750009 0.759398 0.000000 0.201240 0.743166 0.759398
436.339386 20.000000 0.750125 0.759398 0.000000 0.201240 0.743166 0.759398
437.236755 20.000000 0.750253 0.759398 0.000000 0.201240 0.743166 0.759398
438.135040 20.000000 0.750374 0.759398 0.000000 0.201240 0.743166 0.759398
439.034241 20.000000 0.750466 0.759398 0.000000 0.201240 0.743166 0.759398
439.934357 20.000000 0.750571 0.759398 0.000000 0.201240 0.743166 0.759398
440.835388 20.000000 0.750663 0.759398 0.000000 0.201240 0.743166 0.759398
441.737366 20.000000 0.750809 0.759398 0.000000 0.201240 0.743166 0.759398
442.640259 20.000000 0.750900 0.759398 0.000000 0.201240 0.743166 0.759398
443.544067 20.000000 0.751028 0.759398 0.000000 0.201240 0.743166 0.759398
444.448792 20.000000 0.751133 0.759398 0.000000 0.201240 0.743166 0.759398
445.354431 20.000000 0.751249 0.759398 0.000000 0.201240 0.743166 0.759398
446.261017 20.000000 0.751337 0.759398 0.000000 0.201240 0.743166 0.759398
447.168518 20.000000 0.751430 0.759398 0.000000 0.201240 0.743166 0.759398
448.076935 20.000000 0.751516 0.759398 0.000000 0.201240 0.743166 0.759398
448.986267 20.000000 0.751626 0.759398 0.000000 0.201240 0.743166 0.759398
449.896515 20.000000 0.751714 0.759398 0.000000 0.201240 0.743166 0.759398
450.807709 20.000000 0.751808 0.759398 0.000000 0.201240 0.743166 0.759398
451.719818 20.000000 0.751901 0.759398 0.000000 0.201240 0.743166 0.759398
452.632843 20.000000 0.752009 0.759398 0.000000 0.201240 0.743166 0.759398
453.546783 20.000000 0.752122 0.759398 0.000000 0.201240 0.743166 0.759398
454.461639 20.000000 0.752229 0.759398 0.000000 0.201240 0.743166 0.759398
455.377441 20.000000 0.752327 0.759398 0.000000 0.201240 0.743166 0.759398
456.294159 20.000000 0.752425 0.759398 0.000000 0.201240 0.743166 0.759398
457.211792 20.000000 0.752510 0.759398 0.000000 0.201240 0.743166 0.759398
458.130341 20.000000 0.752618 0.759398 0.000000 0.201240 0.743166 0.759398
459.049805 20.000000 0.752718 0.759398 0.000000 0.201240 0.743166 0.759398
459.970215 20.000000 0.752834 0.759398 0.000000 0.201240 0.743166 0.759398
460.891541 20.000000 0.752944 0.759398 0.000000 0.201240 0.743166 0.759398
