Cycle  time(h) alpha_mass  Chemical shrinkage (ml/g cement)
0 0.000000 0.000000 0.000000
1 0.000461 0.000068 0.000002
2 0.001844 0.000383 -0.000006
3 0.004148 0.000686 -0.000012
4 0.007374 0.000927 -0.000013
5 0.011522 0.001209 -0.000021
6 0.016592 0.001520 -0.000025
7 0.022584 0.001842 -0.000028
8 0.029497 0.002144 -0.000028
9 0.037332 0.002754 -0.000033
10 0.046089 0.003381 -0.000038
11 0.055768 0.003987 -0.000047
12 0.066368 0.004293 -0.000045
13 0.077891 0.004577 -0.000047
14 0.090335 0.004875 -0.000047
15 0.103701 0.005203 -0.000047
16 0.117988 0.005509 -0.000042
17 0.133198 0.006038 -0.000046
18 0.149329 0.006311 -0.000029
19 0.166382 0.006897 -0.000026
20 0.184357 0.007167 -0.000019
21 0.203253 0.007486 -0.000018
22 0.223072 0.007794 -0.000006
23 0.243812 0.008125 0.000003
24 0.265474 0.008418 0.000019
25 0.288057 0.008726 0.000033
26 0.311563 0.009056 0.000054
27 0.335990 0.009703 0.000073
28 0.361339 0.010256 0.000102
29 0.387610 0.010777 0.000126
30 0.414802 0.011100 0.000147
31 0.442917 0.011417 0.000170
32 0.471953 0.011742 0.000205
33 0.501911 0.012061 0.000234
34 0.532791 0.012337 0.000268
35 0.564592 0.012617 0.000303
36 0.597315 0.013190 0.000332
37 0.630961 0.013476 0.000372
38 0.665527 0.013840 0.000406
39 0.701016 0.014214 0.000446
40 0.737427 0.014548 0.000484
41 0.774759 0.014924 0.000518
42 0.813013 0.015255 0.000552
43 0.852189 0.015558 0.000585
44 0.892286 0.016250 0.000618
45 0.933306 0.016595 0.000648
46 0.975247 0.017219 0.000678
47 1.018110 0.017529 0.000709
48 1.061894 0.017873 0.000744
49 1.106601 0.018557 0.000761
50 1.152229 0.018913 0.000796
51 1.198779 0.019284 0.000833
52 1.246251 0.019623 0.000864
53 1.294645 0.019948 0.000905
54 1.343960 0.020596 0.000927
55 1.394197 0.020962 0.000953
56 1.445356 0.021370 0.000984
57 1.497437 0.022052 0.001019
58 1.550439 0.022710 0.001053
59 1.604364 0.023117 0.001082
60 1.659210 0.023553 0.001110
61 1.714978 0.023934 0.001147
62 1.771667 0.024229 0.001179
63 1.829279 0.024686 0.001208
64 1.887812 0.025002 0.001237
65 1.947267 0.025437 0.001270
66 2.007644 0.025719 0.001300
67 2.068942 0.026117 0.001327
68 2.131163 0.026375 0.001352
69 2.194305 0.026678 0.001383
70 2.258369 0.026959 0.001418
71 2.323354 0.027313 0.001449
72 2.389262 0.027760 0.001479
73 2.456091 0.028131 0.001508
74 2.523842 0.028603 0.001540
75 2.592515 0.028914 0.001578
76 2.662110 0.029346 0.001609
77 2.732626 0.029843 0.001629
78 2.804064 0.030282 0.001665
79 2.876424 0.030739 0.001700
80 2.949706 0.031249 0.001732
81 3.023910 0.031713 0.001763
82 3.099035 0.032143 0.001800
83 3.175082 0.032589 0.001838
84 3.252051 0.032936 0.001876
85 3.329942 0.033445 0.001919
86 3.408754 0.034000 0.001968
87 3.488488 0.034549 0.002010
88 3.569144 0.035110 0.002055
89 3.650722 0.035689 0.002095
90 3.733222 0.036281 0.002136
91 3.816643 0.036906 0.002182
92 3.900986 0.037468 0.002225
93 3.986251 0.038064 0.002278
94 4.072438 0.038665 0.002336
95 4.159546 0.039281 0.002392
96 4.247577 0.039942 0.002454
97 4.336529 0.040663 0.002510
98 4.426403 0.041351 0.002578
99 4.517198 0.042004 0.002634
100 4.608915 0.042621 0.002692
101 4.701554 0.043235 0.002754
102 4.795115 0.043917 0.002824
103 4.889598 0.044631 0.002905
104 4.985003 0.045386 0.002971
105 5.081329 0.046155 0.003042
106 5.178577 0.046930 0.003110
107 5.276747 0.047780 0.003185
108 5.375839 0.048523 0.003257
109 5.475852 0.049410 0.003345
110 5.576787 0.050266 0.003416
111 5.678645 0.051119 0.003501
112 5.781424 0.052009 0.003592
113 5.885124 0.052983 0.003673
114 5.989747 0.053902 0.003763
115 6.095291 0.054843 0.003849
116 6.201756 0.055863 0.003940
117 6.309144 0.056945 0.004038
118 6.417454 0.058065 0.004132
119 6.526685 0.059277 0.004242
120 6.636838 0.060537 0.004346
121 6.747913 0.061947 0.004469
122 6.859910 0.063259 0.004582
123 6.972828 0.064558 0.004718
124 7.086668 0.066114 0.004853
125 7.201430 0.067693 0.004978
126 7.317114 0.069412 0.005122
127 7.433720 0.071035 0.005278
128 7.551247 0.072817 0.005425
129 7.669696 0.074690 0.005580
130 7.789067 0.076706 0.005735
131 7.909360 0.078872 0.005907
132 8.030575 0.081094 0.006099
133 8.152711 0.083547 0.006278
134 8.275769 0.086175 0.006462
135 8.399749 0.088750 0.006656
136 8.524651 0.091343 0.006876
137 8.650474 0.093895 0.007093
138 8.777219 0.096394 0.007322
139 8.904886 0.098972 0.007554
140 9.033475 0.101397 0.007777
141 9.162986 0.103958 0.008000
142 9.293418 0.106378 0.008207
143 9.424772 0.109011 0.008437
144 9.557048 0.111428 0.008665
145 9.690246 0.114094 0.008893
146 9.824365 0.116468 0.009116
147 9.959406 0.118851 0.009332
148 10.095369 0.121217 0.009568
149 10.232254 0.123722 0.009784
150 10.370061 0.126203 0.010013
151 10.508789 0.128670 0.010235
152 10.648439 0.131097 0.010473
153 10.789011 0.133501 0.010682
154 10.930505 0.135843 0.010892
155 11.072920 0.138264 0.011106
156 11.216257 0.140650 0.011310
157 11.360517 0.143014 0.011503
158 11.505697 0.145353 0.011722
159 11.651800 0.147621 0.011942
160 11.798824 0.149885 0.012153
161 11.946771 0.152110 0.012366
162 12.095638 0.154357 0.012576
163 12.245428 0.156517 0.012766
164 12.396140 0.158778 0.012961
165 12.547773 0.160998 0.013146
166 12.700329 0.163273 0.013345
167 12.853806 0.165542 0.013561
168 13.008204 0.167627 0.013740
169 13.163525 0.169760 0.013924
170 13.319767 0.171855 0.014115
171 13.476931 0.173991 0.014299
172 13.635016 0.176167 0.014495
173 13.794024 0.178253 0.014676
174 13.953954 0.180299 0.014855
175 14.114805 0.182287 0.015023
176 14.276578 0.184429 0.015189
177 14.439273 0.186438 0.015373
178 14.602889 0.188505 0.015560
179 14.767427 0.190607 0.015728
180 14.932887 0.192631 0.015896
181 15.099269 0.194712 0.016068
182 15.266573 0.196780 0.016241
183 15.434798 0.198750 0.016405
184 15.603946 0.200727 0.016591
185 15.774014 0.202736 0.016759
186 15.945005 0.204739 0.016933
187 16.116919 0.206547 0.017091
188 16.289753 0.208407 0.017263
189 16.463509 0.210325 0.017421
190 16.638187 0.212192 0.017589
191 16.813787 0.214139 0.017751
192 16.990309 0.215962 0.017914
193 17.167751 0.217790 0.018061
194 17.346117 0.219782 0.018236
195 17.525404 0.221674 0.018393
196 17.705612 0.223531 0.018548
197 17.886742 0.225446 0.018696
198 18.068794 0.227214 0.018838
199 18.251768 0.229029 0.018991
200 18.435663 0.230903 0.019152
201 18.620481 0.232737 0.019313
202 18.806221 0.234585 0.019468
203 18.992882 0.236429 0.019626
204 19.180464 0.238302 0.019783
205 19.368969 0.240179 0.019948
206 19.558395 0.241916 0.020078
207 19.748743 0.243526 0.020219
208 19.940014 0.245266 0.020351
209 20.132206 0.247004 0.020499
210 20.325319 0.248799 0.020652
211 20.519354 0.250540 0.020785
212 20.714312 0.252288 0.020929
213 20.910191 0.254056 0.021076
214 21.106991 0.255737 0.021213
215 21.304714 0.257585 0.021356
216 21.503359 0.259242 0.021492
217 21.702925 0.260916 0.021641
218 21.903412 0.262584 0.021772
219 22.104822 0.264310 0.021907
220 22.307154 0.265978 0.022054
221 22.510406 0.267696 0.022203
222 22.714581 0.269384 0.022344
223 22.919678 0.270970 0.022482
224 23.125696 0.272600 0.022625
225 23.332636 0.274262 0.022766
226 23.540499 0.275802 0.022899
227 23.749283 0.277465 0.023028
228 23.958988 0.279021 0.023163
229 24.169615 0.280552 0.023281
230 24.381165 0.282189 0.023400
231 24.593636 0.283713 0.023519
232 24.807028 0.285261 0.023642
233 25.021343 0.286816 0.023772
234 25.236580 0.288329 0.023891
235 25.452738 0.290010 0.024033
236 25.669817 0.291579 0.024155
237 25.887819 0.293102 0.024270
238 26.106743 0.294538 0.024387
239 26.326588 0.295989 0.024511
240 26.547356 0.297505 0.024629
241 26.769045 0.299030 0.024751
242 26.991655 0.300440 0.024856
243 27.215187 0.301915 0.024975
244 27.439642 0.303336 0.025079
245 27.665018 0.304701 0.025184
246 27.891315 0.306232 0.025300
247 28.118534 0.307669 0.025419
248 28.346676 0.309115 0.025533
249 28.575739 0.310682 0.025656
250 28.805723 0.312148 0.025778
251 29.036631 0.313471 0.025884
252 29.268459 0.314867 0.025999
253 29.501209 0.316338 0.026123
254 29.734880 0.317739 0.026226
255 29.969475 0.319124 0.026337
256 30.204990 0.320510 0.026440
257 30.441427 0.321832 0.026545
258 30.678787 0.323221 0.026656
259 30.917068 0.324633 0.026770
260 31.156271 0.325879 0.026872
261 31.396395 0.327213 0.026977
262 31.637442 0.328570 0.027084
263 31.879410 0.329939 0.027179
264 32.122299 0.331345 0.027280
265 32.366112 0.332608 0.027381
266 32.610844 0.333890 0.027481
267 32.856499 0.335255 0.027590
268 33.103077 0.336611 0.027684
269 33.350574 0.337900 0.027778
270 33.598995 0.339264 0.027876
271 33.848339 0.340462 0.027988
272 34.098602 0.341770 0.028081
273 34.349789 0.343053 0.028177
274 34.601898 0.344368 0.028279
275 34.854927 0.345679 0.028380
276 35.108879 0.347029 0.028483
277 35.363750 0.348274 0.028571
278 35.619545 0.349562 0.028666
279 35.876263 0.350831 0.028761
280 36.133900 0.352120 0.028857
281 36.392460 0.353362 0.028945
282 36.651943 0.354567 0.029032
283 36.912346 0.355817 0.029126
284 37.173672 0.357084 0.029218
285 37.435921 0.358339 0.029324
286 37.699089 0.359476 0.029411
287 37.963181 0.360676 0.029489
288 38.228191 0.361881 0.029573
289 38.494125 0.363103 0.029663
290 38.760983 0.364292 0.029753
291 39.028759 0.365537 0.029867
292 39.297459 0.366699 0.029953
293 39.567081 0.367856 0.030045
294 39.837624 0.368990 0.030125
295 40.109089 0.370182 0.030211
296 40.381477 0.371325 0.030300
297 40.654785 0.372488 0.030392
298 40.929016 0.373610 0.030463
299 41.204170 0.374802 0.030559
300 41.480244 0.376591 0.030682
301 41.757240 0.378546 0.030828
302 42.035156 0.380284 0.030945
303 42.313995 0.382139 0.031075
304 42.593758 0.383948 0.031208
305 42.874439 0.385831 0.031337
306 43.156044 0.387589 0.031444
307 43.438572 0.389465 0.031575
308 43.722019 0.391160 0.031693
309 44.006390 0.393028 0.031823
310 44.291683 0.394831 0.031943
311 44.577896 0.396632 0.032075
312 44.865032 0.398431 0.032215
313 45.153088 0.400095 0.032335
314 45.442066 0.401877 0.032464
315 45.731968 0.403643 0.032587
316 46.022789 0.405397 0.032718
317 46.314533 0.407079 0.032823
318 46.607201 0.408688 0.032945
319 46.900787 0.410350 0.033058
320 47.195297 0.412191 0.033180
321 47.490730 0.413908 0.033305
322 47.787083 0.415682 0.033435
323 48.084358 0.417246 0.033544
324 48.382557 0.418809 0.033669
325 48.681675 0.420305 0.033781
326 48.981716 0.421974 0.033902
327 49.282677 0.423594 0.034007
328 49.584560 0.425158 0.034128
329 49.887367 0.426814 0.034244
330 50.191093 0.428342 0.034363
331 50.495743 0.429877 0.034495
332 50.801315 0.431352 0.034600
333 51.107807 0.432833 0.034699
334 51.415222 0.434244 0.034806
335 51.723560 0.435843 0.034912
336 52.032818 0.437318 0.035010
337 52.342999 0.438927 0.035113
338 52.654099 0.440475 0.035219
339 52.966122 0.442053 0.035337
340 53.279068 0.443517 0.035444
341 53.592934 0.444956 0.035536
342 53.907722 0.446393 0.035641
343 54.223434 0.447821 0.035755
344 54.540066 0.449239 0.035845
345 54.857620 0.450643 0.035936
346 55.176098 0.452138 0.036037
347 55.495495 0.453518 0.036137
348 55.815815 0.454845 0.036238
349 56.137058 0.456230 0.036335
350 56.459221 0.457646 0.036442
351 56.782307 0.459149 0.036540
352 57.106312 0.460537 0.036641
353 57.431240 0.461795 0.036727
354 57.757092 0.463105 0.036818
355 58.083862 0.464432 0.036909
356 58.411556 0.465887 0.037008
357 58.740173 0.467188 0.037100
358 59.069710 0.468505 0.037202
359 59.400169 0.469859 0.037301
360 59.731552 0.471154 0.037393
361 60.063854 0.472436 0.037473
362 60.397079 0.473761 0.037567
363 60.731224 0.475116 0.037657
364 61.066292 0.476347 0.037731
365 61.402283 0.477641 0.037823
366 61.739193 0.479015 0.037917
367 62.077026 0.480264 0.037984
368 62.415783 0.481469 0.038090
369 62.755459 0.482702 0.038179
370 63.096058 0.483926 0.038266
371 63.437580 0.485168 0.038357
372 63.780022 0.486385 0.038435
373 64.123383 0.487582 0.038525
374 64.467667 0.488814 0.038614
375 64.812874 0.490033 0.038697
376 65.159004 0.491278 0.038773
377 65.506058 0.492554 0.038873
378 65.854034 0.493591 0.038951
379 66.202927 0.494809 0.039034
380 66.552742 0.496040 0.039122
381 66.903481 0.497133 0.039208
382 67.255142 0.498298 0.039297
383 67.607727 0.499460 0.039366
384 67.961227 0.500600 0.039445
385 68.315651 0.501774 0.039513
386 68.670998 0.502884 0.039601
387 69.027267 0.504023 0.039670
388 69.384460 0.505116 0.039764
389 69.742577 0.506248 0.039848
390 70.101608 0.507362 0.039924
391 70.461563 0.508513 0.039993
392 70.822441 0.509529 0.040065
393 71.184242 0.510722 0.040163
394 71.546967 0.511740 0.040223
395 71.910606 0.512789 0.040304
396 72.275169 0.513824 0.040388
397 72.640656 0.514854 0.040458
398 73.007065 0.515939 0.040525
399 73.374397 0.517005 0.040590
400 73.742653 0.518074 0.040665
401 74.111824 0.519100 0.040740
402 74.481918 0.520252 0.040815
403 74.852936 0.521279 0.040878
404 75.224876 0.522292 0.040944
405 75.597740 0.523301 0.041010
406 75.971519 0.524366 0.041079
407 76.346222 0.525470 0.041157
408 76.721848 0.526474 0.041238
409 77.098396 0.527449 0.041313
410 77.475868 0.528428 0.041382
411 77.854263 0.529459 0.041454
412 78.233574 0.530459 0.041516
413 78.613808 0.531506 0.041577
414 78.994965 0.532471 0.041648
415 79.377045 0.533523 0.041720
416 79.760048 0.534492 0.041789
417 80.143974 0.535506 0.041867
418 80.528816 0.536421 0.041932
419 80.914581 0.537386 0.042006
420 81.301270 0.538339 0.042067
421 81.688881 0.539296 0.042134
422 82.077415 0.540283 0.042208
423 82.466866 0.541211 0.042268
424 82.857239 0.542142 0.042330
425 83.248535 0.543047 0.042385
426 83.640755 0.543999 0.042441
427 84.033897 0.545012 0.042511
428 84.427963 0.545954 0.042571
429 84.822945 0.546832 0.042637
430 85.218849 0.547793 0.042715
431 85.615677 0.548713 0.042782
432 86.013428 0.549512 0.042833
433 86.412102 0.550443 0.042898
434 86.811691 0.551288 0.042952
435 87.212204 0.552215 0.043014
436 87.613640 0.553141 0.043073
437 88.015999 0.553949 0.043140
438 88.419281 0.554888 0.043211
439 88.823486 0.555705 0.043258
440 89.228607 0.556592 0.043304
441 89.634651 0.557472 0.043372
442 90.041618 0.558295 0.043411
443 90.449509 0.559098 0.043472
444 90.858322 0.559968 0.043540
445 91.268051 0.560824 0.043590
446 91.678703 0.561704 0.043652
447 92.090279 0.562616 0.043713
448 92.502777 0.563477 0.043767
449 92.916199 0.564289 0.043812
450 93.330544 0.565201 0.043877
451 93.745804 0.566123 0.043951
452 94.161987 0.566922 0.044006
453 94.579094 0.567711 0.044051
454 94.997124 0.568537 0.044106
455 95.416077 0.569361 0.044162
456 95.835945 0.570152 0.044225
457 96.256737 0.571018 0.044277
458 96.678452 0.571882 0.044338
459 97.101089 0.572682 0.044403
460 97.524651 0.573498 0.044459
461 97.949135 0.574338 0.044509
462 98.374535 0.575096 0.044558
463 98.800858 0.575895 0.044610
464 99.228104 0.576652 0.044660
465 99.656273 0.577410 0.044715
466 100.085365 0.578168 0.044761
467 100.515381 0.578967 0.044804
468 100.946312 0.579798 0.044869
469 101.378166 0.580577 0.044914
470 101.810944 0.581293 0.044967
471 102.244644 0.582066 0.045019
472 102.679268 0.582831 0.045066
473 103.114807 0.583597 0.045127
474 103.551270 0.584311 0.045171
475 103.988655 0.585066 0.045221
476 104.426964 0.585795 0.045281
477 104.866196 0.586518 0.045326
478 105.306351 0.587207 0.045373
479 105.747421 0.587918 0.045422
480 106.189415 0.588627 0.045468
481 106.632332 0.589328 0.045501
482 107.076172 0.590092 0.045563
483 107.520935 0.590796 0.045606
484 107.966614 0.591508 0.045657
485 108.413216 0.592174 0.045708
486 108.860741 0.592832 0.045763
487 109.309189 0.593519 0.045811
488 109.758560 0.594263 0.045863
489 110.208855 0.594976 0.045918
490 110.660065 0.595735 0.045973
491 111.112198 0.596471 0.046032
492 111.565254 0.597103 0.046076
493 112.019234 0.597772 0.046118
494 112.474136 0.598475 0.046162
495 112.929955 0.599132 0.046210
496 113.386696 0.599794 0.046265
497 113.844360 0.600516 0.046313
498 114.302948 0.601260 0.046366
499 114.762459 0.601943 0.046413
500 115.222893 0.602678 0.046464
501 115.684242 0.603486 0.046529
502 116.146515 0.604158 0.046582
503 116.609711 0.604874 0.046631
504 117.073830 0.605543 0.046676
505 117.538872 0.606188 0.046717
506 118.004829 0.606805 0.046756
507 118.471710 0.607519 0.046811
508 118.939514 0.608170 0.046847
509 119.408241 0.608896 0.046892
510 119.877892 0.609594 0.046950
511 120.348465 0.610240 0.047001
512 120.819954 0.610835 0.047049
513 121.292366 0.611523 0.047084
514 121.765701 0.612220 0.047138
515 122.239960 0.612808 0.047171
516 122.715141 0.613398 0.047204
517 123.191246 0.613982 0.047254
518 123.668266 0.614647 0.047292
519 124.146210 0.615274 0.047337
520 124.625076 0.615870 0.047376
521 125.104866 0.616529 0.047434
522 125.585579 0.617188 0.047480
523 126.067207 0.617820 0.047508
524 126.549759 0.618450 0.047557
525 127.033234 0.619049 0.047596
526 127.517632 0.619660 0.047641
527 128.002945 0.620287 0.047689
528 128.489182 0.620845 0.047734
529 128.976349 0.621409 0.047775
530 129.464432 0.621997 0.047820
531 129.953430 0.622591 0.047859
532 130.443359 0.623226 0.047898
533 130.934204 0.623825 0.047935
534 131.425980 0.624503 0.047979
535 131.918671 0.625056 0.048011
536 132.412292 0.625713 0.048044
537 132.906830 0.626313 0.048091
538 133.402283 0.626902 0.048143
539 133.898666 0.627495 0.048177
540 134.395966 0.628066 0.048215
541 134.894196 0.628656 0.048258
542 135.393341 0.629246 0.048298
543 135.893402 0.629838 0.048340
544 136.394394 0.630465 0.048384
545 136.896301 0.630951 0.048416
546 137.399139 0.631507 0.048454
547 137.902893 0.632090 0.048500
548 138.407562 0.632713 0.048532
549 138.913162 0.633262 0.048573
550 139.419678 0.633808 0.048616
551 139.927124 0.634387 0.048654
552 140.435486 0.634908 0.048698
553 140.944778 0.635481 0.048731
554 141.454987 0.636014 0.048759
555 141.966110 0.636609 0.048810
556 142.478165 0.637138 0.048844
557 142.991135 0.637689 0.048888
558 143.505035 0.638285 0.048923
559 144.019852 0.638843 0.048959
560 144.535583 0.639378 0.049009
561 145.052246 0.639927 0.049047
562 145.569824 0.640532 0.049083
563 146.088333 0.641038 0.049121
564 146.607758 0.641564 0.049159
565 147.128098 0.642108 0.049194
566 147.649368 0.642652 0.049239
567 148.171555 0.643117 0.049267
568 148.694672 0.643666 0.049306
569 149.218704 0.644158 0.049340
570 149.743652 0.644706 0.049387
571 150.269531 0.645261 0.049433
572 150.796326 0.645774 0.049462
573 151.324051 0.646393 0.049496
574 151.852692 0.646885 0.049529
575 152.382263 0.647443 0.049580
576 152.912750 0.647960 0.049615
577 153.444153 0.648476 0.049650
578 153.976486 0.648993 0.049695
579 154.509735 0.649465 0.049730
580 155.043915 0.649959 0.049767
581 155.579010 0.650492 0.049806
582 156.115021 0.650960 0.049843
583 156.651962 0.651471 0.049885
584 157.189819 0.652058 0.049926
585 157.728607 0.652567 0.049961
586 158.268311 0.653091 0.050002
587 158.808929 0.653600 0.050027
588 159.350479 0.654128 0.050055
589 159.892944 0.654587 0.050090
590 160.436340 0.655059 0.050122
591 160.980652 0.655510 0.050160
592 161.525894 0.655913 0.050194
593 162.072052 0.656368 0.050229
594 162.619125 0.656853 0.050264
595 163.167130 0.657345 0.050298
596 163.716049 0.657778 0.050337
597 164.265900 0.658215 0.050382
598 164.816666 0.658686 0.050407
599 165.368347 0.659149 0.050443
600 165.920959 0.659594 0.050472
601 166.474487 0.660070 0.050500
602 167.028946 0.660589 0.050534
603 167.584320 0.661007 0.050571
604 168.140610 0.661509 0.050606
605 168.697830 0.661955 0.050642
606 169.255966 0.662407 0.050684
607 169.815033 0.662884 0.050714
608 170.375015 0.663371 0.050754
609 170.935913 0.663819 0.050788
610 171.497742 0.664257 0.050825
611 172.060486 0.664735 0.050863
612 172.624161 0.665173 0.050893
613 173.188751 0.665644 0.050925
614 173.754272 0.666103 0.050962
615 174.320709 0.666527 0.050997
616 174.888062 0.666996 0.051032
617 175.456345 0.667493 0.051079
618 176.025543 0.667925 0.051115
619 176.595673 0.668336 0.051141
620 177.166718 0.668791 0.051178
621 177.738678 0.669270 0.051210
622 178.311569 0.669754 0.051246
623 178.885376 0.670239 0.051288
624 179.460114 0.670664 0.051318
625 180.035767 0.671145 0.051353
626 180.612335 0.671575 0.051391
627 181.189835 0.671980 0.051428
628 181.768250 0.672428 0.051461
629 182.347595 0.672899 0.051494
630 182.927856 0.673350 0.051533
631 183.509033 0.673814 0.051566
632 184.091141 0.674260 0.051596
633 184.674164 0.674741 0.051625
634 185.258118 0.675224 0.051665
635 185.842987 0.675643 0.051694
636 186.428787 0.676089 0.051730
637 187.015503 0.676517 0.051761
638 187.603134 0.676986 0.051797
639 188.191696 0.677447 0.051840
640 188.781174 0.677858 0.051870
641 189.371582 0.678285 0.051902
642 189.962906 0.678737 0.051941
643 190.555145 0.679146 0.051969
644 191.148315 0.679588 0.052001
645 191.742401 0.680037 0.052035
646 192.337418 0.680447 0.052068
647 192.933350 0.680917 0.052103
648 193.530197 0.681289 0.052136
649 194.127975 0.681723 0.052168
650 194.726669 0.682185 0.052214
651 195.326294 0.682597 0.052240
652 195.926834 0.683057 0.052279
653 196.528305 0.683529 0.052314
654 197.130692 0.683959 0.052343
655 197.733994 0.684345 0.052388
656 198.338226 0.684773 0.052427
657 198.943375 0.685171 0.052452
658 199.549454 0.685578 0.052485
659 200.156448 0.685946 0.052509
660 200.764359 0.686391 0.052548
661 201.373199 0.686750 0.052584
662 201.982956 0.687191 0.052616
663 202.593643 0.687598 0.052644
664 203.205246 0.687976 0.052670
665 203.817764 0.688360 0.052704
666 204.431213 0.688754 0.052740
667 205.045578 0.689108 0.052771
668 205.660873 0.689465 0.052797
669 206.277084 0.689939 0.052829
670 206.894211 0.690245 0.052860
671 207.512268 0.690674 0.052891
672 208.131241 0.691061 0.052931
673 208.751144 0.691419 0.052958
674 209.371964 0.691814 0.052992
675 209.993713 0.692141 0.053022
676 210.616379 0.692523 0.053049
677 211.239960 0.692882 0.053075
678 211.864471 0.693217 0.053109
679 212.489899 0.693570 0.053144
680 213.116257 0.693944 0.053179
681 213.743530 0.694245 0.053205
682 214.371719 0.694605 0.053239
683 215.000839 0.694959 0.053260
684 215.630875 0.695320 0.053291
685 216.261841 0.695630 0.053316
686 216.893723 0.695988 0.053336
687 217.526520 0.696354 0.053362
688 218.160248 0.696704 0.053394
689 218.794891 0.697058 0.053426
690 219.430466 0.697390 0.053456
691 220.066956 0.697689 0.053489
692 220.704376 0.697971 0.053521
693 221.342712 0.698318 0.053557
694 221.981964 0.698634 0.053582
695 222.622147 0.698924 0.053605
696 223.263245 0.699265 0.053633
697 223.905273 0.699568 0.053654
698 224.548218 0.699907 0.053683
699 225.192078 0.700231 0.053711
700 225.836868 0.700603 0.053742
701 226.482574 0.700910 0.053774
702 227.129211 0.701260 0.053804
703 227.776764 0.701528 0.053827
704 228.425232 0.701777 0.053851
705 229.074631 0.702065 0.053879
706 229.724945 0.702362 0.053901
707 230.376190 0.702677 0.053925
708 231.028351 0.702994 0.053955
709 231.681427 0.703302 0.053980
710 232.335434 0.703629 0.054005
711 232.990356 0.703905 0.054029
712 233.646210 0.704195 0.054058
713 234.302979 0.704480 0.054082
714 234.960678 0.704776 0.054110
715 235.619293 0.705000 0.054134
716 236.278824 0.705252 0.054144
717 236.939285 0.705596 0.054168
718 237.600662 0.705875 0.054195
719 238.262970 0.706193 0.054222
720 238.926193 0.706470 0.054252
721 239.590332 0.706757 0.054270
722 240.255402 0.707038 0.054296
723 240.921387 0.707310 0.054321
724 241.588303 0.707550 0.054340
725 242.256134 0.707859 0.054362
726 242.924881 0.708149 0.054390
727 243.594559 0.708475 0.054418
728 244.265152 0.708729 0.054446
729 244.936676 0.708985 0.054470
730 245.609116 0.709248 0.054495
731 246.282471 0.709542 0.054516
732 246.956757 0.709850 0.054539
733 247.631958 0.710135 0.054565
734 248.308090 0.710382 0.054584
735 248.985138 0.710659 0.054607
736 249.663116 0.710936 0.054634
737 250.342010 0.711187 0.054661
738 251.021820 0.711420 0.054677
739 251.702560 0.711699 0.054704
740 252.384216 0.711930 0.054715
741 253.066803 0.712154 0.054737
742 253.750305 0.712383 0.054760
743 254.434723 0.712613 0.054777
744 255.120071 0.712879 0.054795
745 255.806335 0.713153 0.054822
746 256.493530 0.713387 0.054841
747 257.181641 0.713632 0.054862
748 257.870667 0.713884 0.054882
749 258.560608 0.714096 0.054897
750 259.251495 0.714321 0.054917
751 259.943298 0.714564 0.054941
752 260.636017 0.714795 0.054956
753 261.329651 0.715024 0.054979
754 262.024200 0.715248 0.054999
755 262.719696 0.715459 0.055020
756 263.416107 0.715702 0.055036
757 264.113434 0.715916 0.055052
758 264.811676 0.716105 0.055070
759 265.510834 0.716343 0.055092
760 266.210938 0.716615 0.055120
761 266.911957 0.716894 0.055138
762 267.613892 0.717127 0.055162
763 268.316742 0.717345 0.055184
764 269.020538 0.717607 0.055205
765 269.725250 0.717848 0.055231
766 270.430878 0.718083 0.055243
767 271.137421 0.718320 0.055267
768 271.844879 0.718548 0.055281
769 272.553284 0.718742 0.055305
770 273.262604 0.718961 0.055332
771 273.972839 0.719166 0.055356
772 274.683990 0.719390 0.055373
773 275.396057 0.719575 0.055391
774 276.109070 0.719813 0.055415
775 276.822998 0.720036 0.055429
776 277.537842 0.720286 0.055445
777 278.253601 0.720487 0.055462
778 278.970276 0.720737 0.055479
779 279.687897 0.720929 0.055504
780 280.406433 0.721151 0.055516
781 281.125885 0.721356 0.055527
782 281.846252 0.721530 0.055548
783 282.567535 0.721731 0.055572
784 283.289764 0.721915 0.055596
785 284.012909 0.722115 0.055611
786 284.736969 0.722331 0.055630
787 285.461945 0.722493 0.055649
788 286.187836 0.722692 0.055668
789 286.914673 0.722879 0.055683
790 287.642426 0.723062 0.055699
791 288.371094 0.723272 0.055716
792 289.100677 0.723456 0.055737
793 289.831177 0.723646 0.055754
794 290.562622 0.723848 0.055769
795 291.294983 0.724016 0.055790
796 292.028259 0.724164 0.055808
797 292.762451 0.724324 0.055830
798 293.497559 0.724538 0.055843
799 294.233612 0.724735 0.055852
800 294.970581 0.724908 0.055866
801 295.708466 0.725084 0.055882
802 296.447266 0.725271 0.055905
803 297.187012 0.725442 0.055918
804 297.927673 0.725661 0.055930
805 298.669250 0.725822 0.055940
806 299.411743 0.726004 0.055956
807 300.155151 0.726198 0.055971
808 300.899506 0.726396 0.055995
809 301.644775 0.726566 0.056004
810 302.390961 0.726758 0.056027
811 303.138062 0.726946 0.056050
812 303.886078 0.727105 0.056070
813 304.635040 0.727283 0.056084
814 305.384918 0.727508 0.056101
815 306.135712 0.727686 0.056122
816 306.887421 0.727847 0.056134
817 307.640045 0.728003 0.056155
818 308.393616 0.728170 0.056177
819 309.148102 0.728340 0.056197
820 309.903503 0.728497 0.056204
821 310.659821 0.728677 0.056215
822 311.417053 0.728854 0.056230
823 312.175232 0.729015 0.056247
824 312.934326 0.729182 0.056270
825 313.694336 0.729378 0.056294
826 314.455261 0.729585 0.056312
827 315.217102 0.729751 0.056329
828 315.979889 0.729936 0.056349
829 316.743591 0.730090 0.056359
830 317.508209 0.730261 0.056381
831 318.273743 0.730466 0.056398
832 319.040192 0.730634 0.056416
833 319.807587 0.730779 0.056424
834 320.575897 0.730993 0.056438
835 321.345123 0.731166 0.056449
836 322.115265 0.731346 0.056471
837 322.886322 0.731507 0.056486
838 323.658325 0.731708 0.056505
839 324.431244 0.731874 0.056522
840 325.205078 0.732015 0.056536
841 325.979828 0.732187 0.056549
842 326.755493 0.732354 0.056554
843 327.532104 0.732573 0.056578
844 328.309631 0.732759 0.056596
845 329.088074 0.732920 0.056610
846 329.867432 0.733068 0.056627
847 330.647736 0.733226 0.056646
848 331.428955 0.733414 0.056664
849 332.211090 0.733542 0.056679
850 332.994141 0.733698 0.056695
851 333.778107 0.733833 0.056713
852 334.563019 0.733968 0.056730
853 335.348846 0.734145 0.056754
854 336.135590 0.734323 0.056764
855 336.923248 0.734512 0.056776
856 337.711823 0.734682 0.056791
857 338.501343 0.734838 0.056809
858 339.291779 0.735004 0.056823
859 340.083130 0.735157 0.056837
860 340.875397 0.735306 0.056849
861 341.668579 0.735439 0.056864
862 342.462708 0.735571 0.056886
863 343.257751 0.735733 0.056899
864 344.053711 0.735906 0.056914
865 344.850586 0.736095 0.056922
866 345.648376 0.736248 0.056929
867 346.447113 0.736423 0.056944
868 347.246765 0.736562 0.056959
869 348.047333 0.736721 0.056977
870 348.848816 0.736882 0.056997
871 349.651215 0.737093 0.057012
872 350.454559 0.737247 0.057027
873 351.258820 0.737377 0.057044
874 352.063995 0.737471 0.057059
875 352.870087 0.737634 0.057073
876 353.677094 0.737801 0.057085
877 354.485046 0.737927 0.057093
878 355.293915 0.738077 0.057106
879 356.103699 0.738221 0.057124
880 356.914398 0.738356 0.057130
881 357.726013 0.738537 0.057144
882 358.538574 0.738668 0.057149
883 359.352051 0.738810 0.057162
884 360.166443 0.738920 0.057174
885 360.981750 0.739065 0.057184
886 361.798004 0.739197 0.057191
887 362.615173 0.739326 0.057202
888 363.433258 0.739476 0.057219
889 364.252258 0.739622 0.057230
890 365.072174 0.739748 0.057241
891 365.893036 0.739893 0.057253
892 366.714813 0.740080 0.057263
893 367.537506 0.740234 0.057279
894 368.361115 0.740367 0.057291
895 369.185638 0.740550 0.057302
896 370.011108 0.740692 0.057317
897 370.837494 0.740802 0.057329
898 371.664795 0.740904 0.057335
899 372.493011 0.741028 0.057348
900 373.322144 0.741174 0.057360
901 374.152222 0.741289 0.057376
902 374.983215 0.741433 0.057394
903 375.815125 0.741536 0.057407
904 376.647949 0.741664 0.057410
905 377.481689 0.741830 0.057425
906 378.316376 0.741997 0.057448
907 379.151978 0.742146 0.057462
908 379.988495 0.742264 0.057480
909 380.825928 0.742403 0.057491
910 381.664276 0.742524 0.057506
911 382.503571 0.742634 0.057516
912 383.343781 0.742725 0.057525
913 384.184906 0.742837 0.057536
914 385.026947 0.742966 0.057549
915 385.869904 0.743114 0.057564
916 386.713806 0.743258 0.057582
917 387.558624 0.743389 0.057598
918 388.404358 0.743531 0.057605
919 389.251007 0.743665 0.057619
920 390.098572 0.743782 0.057626
921 390.947083 0.743904 0.057636
922 391.796509 0.743986 0.057656
923 392.646851 0.744133 0.057671
924 393.498108 0.744251 0.057688
925 394.350311 0.744389 0.057703
926 395.203430 0.744537 0.057713
927 396.057465 0.744649 0.057724
928 396.912415 0.744787 0.057737
929 397.768280 0.744936 0.057749
930 398.625092 0.745049 0.057768
931 399.482819 0.745215 0.057784
932 400.341461 0.745350 0.057797
933 401.201019 0.745478 0.057810
934 402.061493 0.745574 0.057815
935 402.922913 0.745708 0.057826
936 403.785248 0.745829 0.057835
937 404.648499 0.745939 0.057845
938 405.512665 0.746047 0.057855
939 406.377747 0.746173 0.057871
940 407.243774 0.746273 0.057880
941 408.110718 0.746420 0.057895
942 408.978577 0.746540 0.057905
943 409.847351 0.746637 0.057915
944 410.717041 0.746761 0.057924
945 411.587677 0.746880 0.057933
946 412.459229 0.747012 0.057952
947 413.331696 0.747118 0.057962
948 414.205078 0.747266 0.057966
949 415.079376 0.747372 0.057981
950 415.954620 0.747492 0.057991
951 416.830780 0.747611 0.058005
952 417.707855 0.747736 0.058022
953 418.585846 0.747841 0.058036
954 419.464752 0.747963 0.058046
955 420.344604 0.748066 0.058051
956 421.225372 0.748212 0.058065
957 422.107056 0.748325 0.058076
958 422.989655 0.748450 0.058090
959 423.873169 0.748566 0.058104
960 424.757629 0.748680 0.058124
961 425.643005 0.748816 0.058135
962 426.529297 0.748942 0.058145
963 427.416504 0.749045 0.058150
964 428.304657 0.749130 0.058158
965 429.193726 0.749235 0.058168
966 430.083710 0.749339 0.058182
967 430.974609 0.749450 0.058195
968 431.866425 0.749575 0.058198
969 432.759186 0.749684 0.058205
970 433.652863 0.749802 0.058216
971 434.547455 0.749903 0.058230
972 435.442963 0.750009 0.058240
973 436.339386 0.750125 0.058250
974 437.236755 0.750253 0.058260
975 438.135040 0.750374 0.058268
976 439.034241 0.750466 0.058279
977 439.934357 0.750571 0.058288
978 440.835388 0.750663 0.058299
979 441.737366 0.750809 0.058317
980 442.640259 0.750900 0.058323
981 443.544067 0.751028 0.058332
982 444.448792 0.751133 0.058339
983 445.354431 0.751249 0.058350
984 446.261017 0.751337 0.058363
985 447.168518 0.751430 0.058376
986 448.076935 0.751516 0.058383
987 448.986267 0.751626 0.058391
988 449.896515 0.751714 0.058399
989 450.807709 0.751808 0.058407
990 451.719818 0.751901 0.058419
991 452.632843 0.752009 0.058432
992 453.546783 0.752122 0.058445
993 454.461639 0.752229 0.058456
994 455.377441 0.752327 0.058467
995 456.294159 0.752425 0.058475
996 457.211792 0.752510 0.058482
997 458.130341 0.752618 0.058497
998 459.049805 0.752718 0.058508
999 459.970215 0.752834 0.058512
1000 460.891541 0.752944 0.060576
