Cycle time(h) alpha_vol alpha_mass heat4(kJ/kg_solid) Gsratio2 G-s_ratio
0 0.000000 0.000000 0.000000 0.000000 0.000061  0.000000 
1 0.000461 0.000070 0.000068 0.101608 0.000385  0.000115 
2 0.001844 0.000388 0.000383 0.348324 0.000739  0.000646 
3 0.004148 0.000694 0.000686 0.585786 0.001036  0.001156 
4 0.007374 0.000939 0.000927 0.781231 0.001323  0.001562 
5 0.011522 0.001225 0.001209 0.998705 0.001629  0.002038 
6 0.016592 0.001541 0.001520 1.251003 0.001948  0.002561 
7 0.022584 0.001866 0.001842 1.502289 0.002279  0.003103 
8 0.029497 0.002172 0.002144 1.744368 0.002661  0.003611 
9 0.037332 0.002798 0.002754 2.443325 0.003065  0.004636 
10 0.046089 0.003441 0.003381 3.130440 0.003392  0.005687 
11 0.055768 0.004064 0.003987 3.809027 0.003708  0.006704 
12 0.066368 0.004375 0.004293 4.033370 0.004007  0.007217 
13 0.077891 0.004664 0.004577 4.271410 0.004335  0.007693 
14 0.090335 0.004965 0.004875 4.483795 0.004714  0.008192 
15 0.103701 0.005297 0.005203 4.759970 0.005108  0.008741 
16 0.117988 0.005608 0.005509 4.998723 0.005467  0.009253 
17 0.133198 0.006149 0.006038 5.568597 0.005834  0.010137 
18 0.149329 0.006425 0.006311 5.805429 0.006198  0.010593 
19 0.166382 0.007030 0.006897 6.484450 0.006574  0.011572 
20 0.184357 0.007301 0.007167 6.661699 0.006971  0.012021 
21 0.203253 0.007622 0.007486 6.837115 0.007364  0.012553 
22 0.223072 0.007935 0.007794 7.039155 0.007775  0.013067 
23 0.243812 0.008269 0.008125 7.296837 0.008152  0.013619 
24 0.265474 0.008566 0.008418 7.506746 0.008574  0.014106 
25 0.288057 0.008879 0.008726 7.726490 0.009078  0.014619 
26 0.311563 0.009213 0.009056 7.976452 0.009607  0.015168 
27 0.335990 0.009876 0.009703 8.633714 0.010133  0.016242 
28 0.361339 0.010444 0.010256 9.209106 0.010544  0.017161 
29 0.387610 0.010980 0.010777 9.776408 0.011028  0.018025 
30 0.414802 0.011307 0.011100 10.031676 0.011543  0.018561 
31 0.442917 0.011628 0.011417 10.224665 0.012086  0.019086 
32 0.471953 0.011955 0.011742 10.415347 0.012594  0.019625 
33 0.501911 0.012278 0.012061 10.636018 0.013030  0.020152 
34 0.532791 0.012557 0.012337 10.787422 0.013537  0.020609 
35 0.564592 0.012841 0.012617 10.945863 0.014088  0.021072 
36 0.597315 0.013428 0.013190 11.480009 0.014615  0.022020 
37 0.630961 0.013717 0.013476 11.670629 0.015213  0.022493 
38 0.665527 0.014086 0.013840 11.897635 0.015827  0.023093 
39 0.701016 0.014464 0.014214 12.112690 0.016415  0.023710 
40 0.737427 0.014802 0.014548 12.335958 0.017034  0.024260 
41 0.774759 0.015183 0.014924 12.583769 0.017606  0.024880 
42 0.813013 0.015517 0.015255 12.776258 0.018070  0.025426 
43 0.852189 0.015826 0.015558 13.007461 0.018729  0.025924 
44 0.892286 0.016534 0.016250 13.597588 0.019282  0.027064 
45 0.933306 0.016881 0.016595 13.807459 0.019864  0.027630 
46 0.975247 0.017519 0.017219 14.327331 0.020322  0.028654 
47 1.018110 0.017835 0.017529 14.532407 0.020839  0.029163 
48 1.061894 0.018184 0.017873 14.759339 0.021415  0.029728 
49 1.106601 0.018885 0.018557 15.353895 0.021993  0.030849 
50 1.152229 0.019247 0.018913 15.558563 0.022598  0.031433 
51 1.198779 0.019621 0.019284 15.734268 0.023168  0.032039 
52 1.246251 0.019963 0.019623 15.892280 0.023720  0.032594 
53 1.294645 0.020293 0.019948 16.085718 0.024320  0.033125 
54 1.343960 0.020958 0.020596 16.579521 0.024900  0.034185 
55 1.394197 0.021326 0.020962 16.760010 0.025523  0.034782 
56 1.445356 0.021737 0.021370 16.980213 0.026202  0.035447 
57 1.497437 0.022433 0.022052 17.546869 0.026917  0.036560 
58 1.550439 0.023103 0.022710 17.978960 0.027549  0.037631 
59 1.604364 0.023513 0.023117 18.199278 0.028236  0.038293 
60 1.659210 0.023952 0.023553 18.435680 0.028775  0.039002 
61 1.714978 0.024340 0.023934 18.668322 0.029319  0.039622 
62 1.771667 0.024636 0.024229 18.826736 0.029879  0.040100 
63 1.829279 0.025102 0.024686 19.135536 0.030417  0.040843 
64 1.887812 0.025420 0.025002 19.295334 0.030975  0.041356 
65 1.947267 0.025864 0.025437 19.587791 0.031532  0.042060 
66 2.007644 0.026148 0.025719 19.681881 0.031998  0.042517 
67 2.068942 0.026553 0.026117 19.937393 0.032464  0.043162 
68 2.131163 0.026813 0.026375 20.045994 0.032993  0.043580 
69 2.194305 0.027119 0.026678 20.167921 0.033532  0.044070 
70 2.258369 0.027402 0.026959 20.253441 0.034080  0.044525 
71 2.323354 0.027762 0.027313 20.469530 0.034641  0.045097 
72 2.389262 0.028218 0.027760 20.777288 0.035153  0.045818 
73 2.456091 0.028596 0.028131 21.025293 0.035754  0.046418 
74 2.523842 0.029077 0.028603 21.319359 0.036295  0.047179 
75 2.592515 0.029392 0.028914 21.432587 0.036849  0.047680 
76 2.662110 0.029831 0.029346 21.697458 0.037458  0.048377 
77 2.732626 0.030338 0.029843 22.048439 0.038081  0.049178 
78 2.804064 0.030783 0.030282 22.274115 0.038747  0.049884 
79 2.876424 0.031244 0.030739 22.539343 0.039442  0.050618 
80 2.949706 0.031760 0.031249 22.811815 0.040082  0.051439 
81 3.023910 0.032231 0.031713 23.050766 0.040741  0.052182 
82 3.099035 0.032668 0.032143 23.323599 0.041339  0.052873 
83 3.175082 0.033122 0.032589 23.585056 0.041997  0.053589 
84 3.252051 0.033471 0.032936 23.743267 0.042716  0.054144 
85 3.329942 0.033988 0.033445 24.022652 0.043518  0.054960 
86 3.408754 0.034553 0.034000 24.365852 0.044344  0.055846 
87 3.488488 0.035111 0.034549 24.682760 0.045127  0.056724 
88 3.569144 0.035682 0.035110 25.013695 0.045913  0.057621 
89 3.650722 0.036269 0.035689 25.368130 0.046797  0.058545 
90 3.733222 0.036868 0.036281 25.704359 0.047672  0.059488 
91 3.816643 0.037504 0.036906 26.069294 0.048542  0.060485 
92 3.900986 0.038074 0.037468 26.420132 0.049477  0.061378 
93 3.986251 0.038673 0.038064 26.757015 0.050392  0.062326 
94 4.072438 0.039283 0.038665 27.068726 0.051303  0.063282 
95 4.159546 0.039906 0.039281 27.405525 0.052268  0.064259 
96 4.247577 0.040578 0.039942 27.810122 0.053344  0.065308 
97 4.336529 0.041309 0.040663 28.258705 0.054429  0.066449 
98 4.426403 0.042005 0.041351 28.612776 0.055387  0.067537 
99 4.517198 0.042670 0.042004 29.023762 0.056407  0.068569 
100 4.608915 0.043294 0.042621 29.340378 0.057358  0.069544 
101 4.701554 0.043917 0.043235 29.698936 0.058466  0.070513 
102 4.795115 0.044609 0.043917 30.107296 0.059606  0.071587 
103 4.889598 0.045332 0.044631 30.510448 0.060801  0.072712 
104 4.985003 0.046096 0.045386 30.941298 0.061996  0.073900 
105 5.081329 0.046873 0.046155 31.361990 0.063224  0.075106 
106 5.178577 0.047659 0.046930 31.812353 0.064569  0.076322 
107 5.276747 0.048518 0.047780 32.269047 0.065775  0.077655 
108 5.375839 0.049268 0.048523 32.707512 0.067220  0.078817 
109 5.475852 0.050163 0.049410 33.181168 0.068578  0.080204 
110 5.576787 0.051027 0.050266 33.649036 0.069960  0.081539 
111 5.678645 0.051891 0.051119 34.119308 0.071438  0.082870 
112 5.781424 0.052793 0.052009 34.653305 0.073117  0.084255 
113 5.885124 0.053776 0.052983 35.163685 0.074647  0.085770 
114 5.989747 0.054703 0.053902 35.659328 0.076158  0.087196 
115 6.095291 0.055647 0.054843 36.170494 0.077874  0.088655 
116 6.201756 0.056676 0.055863 36.744183 0.079668  0.090234 
117 6.309144 0.057765 0.056945 37.336739 0.081473  0.091906 
118 6.417454 0.058893 0.058065 37.947132 0.083397  0.093634 
119 6.526685 0.060116 0.059277 38.605309 0.085428  0.095500 
120 6.636838 0.061385 0.060537 39.311470 0.087658  0.097437 
121 6.747913 0.062803 0.061947 40.065548 0.089834  0.099600 
122 6.859910 0.064125 0.063259 40.746284 0.092017  0.101609 
123 6.972828 0.065433 0.064558 41.439106 0.094449  0.103594 
124 7.086668 0.067000 0.066114 42.291122 0.096879  0.105967 
125 7.201430 0.068592 0.067693 43.168705 0.099589  0.108368 
126 7.317114 0.070320 0.069412 44.066456 0.102155  0.110977 
127 7.433720 0.071950 0.071035 44.917534 0.105052  0.113432 
128 7.551247 0.073746 0.072817 45.883953 0.107975  0.116123 
129 7.669696 0.075627 0.074690 46.865799 0.110983  0.118942 
130 7.789067 0.077653 0.076706 47.927547 0.114235  0.121968 
131 7.909360 0.079832 0.078872 49.079155 0.117750  0.125209 
132 8.030575 0.082066 0.081094 50.287426 0.121511  0.128524 
133 8.152711 0.084529 0.083547 51.566387 0.125517  0.132169 
134 8.275769 0.087169 0.086175 52.950176 0.129431  0.136061 
135 8.399749 0.089758 0.088750 54.338314 0.133403  0.139859 
136 8.524651 0.092365 0.091343 55.732315 0.137284  0.143668 
137 8.650474 0.094929 0.093895 57.103043 0.141080  0.147404 
138 8.777219 0.097443 0.096394 58.487625 0.145067  0.151049 
139 8.904886 0.100037 0.098972 59.941475 0.148963  0.154794 
140 9.033475 0.102476 0.101397 61.293217 0.152896  0.158304 
141 9.162986 0.105053 0.103958 62.702579 0.156671  0.161997 
142 9.293418 0.107489 0.106378 64.097519 0.160755  0.165476 
143 9.424772 0.110134 0.109011 65.566689 0.164662  0.169244 
144 9.557048 0.112568 0.111428 66.972099 0.168746  0.172693 
145 9.690246 0.115246 0.114094 68.480865 0.172535  0.176480 
146 9.824365 0.117632 0.116468 69.805275 0.176249  0.179842 
147 9.959406 0.120029 0.118851 71.165863 0.180133  0.183205 
148 10.095369 0.122407 0.121217 72.561775 0.184055  0.186532 
149 10.232254 0.124928 0.123722 73.993973 0.188002  0.190042 
150 10.370061 0.127423 0.126203 75.447456 0.191971  0.193505 
151 10.508789 0.129900 0.128670 76.858521 0.195745  0.196938 
152 10.648439 0.132341 0.131097 78.299438 0.199616  0.200302 
153 10.789011 0.134755 0.133501 79.724487 0.203446  0.203622 
154 10.930505 0.137109 0.135843 81.090553 0.207309  0.206848 
155 11.072920 0.139543 0.138264 82.488960 0.211124  0.210169 
156 11.216257 0.141940 0.140650 83.861618 0.214815  0.213432 
157 11.360517 0.144318 0.143014 85.216507 0.218395  0.216654 
158 11.505697 0.146670 0.145353 86.564102 0.221999  0.219830 
159 11.651800 0.148948 0.147621 87.847656 0.225579  0.222901 
160 11.798824 0.151222 0.149885 89.151901 0.229171  0.225956 
161 11.946771 0.153461 0.152110 90.446114 0.232640  0.228949 
162 12.095638 0.155718 0.154357 91.709366 0.236033  0.231962 
163 12.245428 0.157887 0.156517 92.943619 0.239524  0.234848 
164 12.396140 0.160158 0.158778 94.212814 0.242783  0.237861 
165 12.547773 0.162391 0.160998 95.521759 0.246268  0.240810 
166 12.700329 0.164677 0.163273 96.815926 0.249796  0.243823 
167 12.853806 0.166957 0.165542 98.146675 0.253001  0.246817 
168 13.008204 0.169054 0.167627 99.343040 0.256331  0.249560 
169 13.163525 0.171197 0.169760 100.583473 0.259538  0.252359 
170 13.319767 0.173300 0.171855 101.820206 0.262776  0.255099 
171 13.476931 0.175445 0.173991 103.055656 0.265965  0.257886 
172 13.635016 0.177634 0.176167 104.318916 0.269122  0.260715 
173 13.794024 0.179731 0.178253 105.541351 0.272176  0.263420 
174 13.953954 0.181786 0.180299 106.731407 0.275205  0.266065 
175 14.114805 0.183783 0.182287 107.885490 0.278361  0.268628 
176 14.276578 0.185933 0.184429 109.105362 0.281367  0.271381 
177 14.439273 0.187947 0.186438 110.271103 0.284345  0.273956 
178 14.602889 0.190024 0.188505 111.480606 0.287375  0.276598 
179 14.767427 0.192135 0.190607 112.689636 0.290326  0.279277 
180 14.932887 0.194171 0.192631 113.882759 0.293353  0.281849 
181 15.099269 0.196260 0.194712 115.079109 0.296326  0.284486 
182 15.266573 0.198342 0.196780 116.308922 0.299100  0.287100 
183 15.434798 0.200319 0.198750 117.434456 0.301922  0.289582 
184 15.603946 0.202304 0.200727 118.564964 0.304817  0.292067 
185 15.774014 0.204323 0.202736 119.753799 0.307660  0.294584 
186 15.945005 0.206337 0.204739 120.924309 0.310224  0.297089 
187 16.116919 0.208154 0.206547 121.950073 0.312840  0.299343 
188 16.289753 0.210020 0.208407 123.028549 0.315562  0.301656 
189 16.463509 0.211947 0.210325 124.149796 0.318171  0.304034 
190 16.638187 0.213820 0.212192 125.226738 0.320882  0.306343 
191 16.813787 0.215774 0.214139 126.349861 0.323470  0.308746 
192 16.990309 0.217603 0.215962 127.411026 0.326034  0.310991 
193 17.167751 0.219440 0.217790 128.489441 0.328819  0.313234 
194 17.346117 0.221442 0.219782 129.639664 0.331383  0.315674 
195 17.525404 0.223339 0.221674 130.686356 0.333970  0.317984 
196 17.705612 0.225203 0.223531 131.777206 0.336595  0.320247 
197 17.886742 0.227125 0.225446 132.860321 0.339051  0.322574 
198 18.068794 0.228901 0.227214 133.895676 0.341484  0.324717 
199 18.251768 0.230723 0.229029 134.940216 0.344038  0.326912 
200 18.435663 0.232606 0.230903 136.020126 0.346502  0.329173 
201 18.620481 0.234443 0.232737 137.091415 0.349030  0.331380 
202 18.806221 0.236297 0.234585 138.163223 0.351448  0.333598 
203 18.992882 0.238148 0.236429 139.228531 0.353867  0.335806 
204 19.180464 0.240029 0.238302 140.300598 0.356315  0.338043 
205 19.368969 0.241914 0.240179 141.389999 0.358627  0.340279 
206 19.558395 0.243659 0.241916 142.364471 0.360791  0.342343 
207 19.748743 0.245273 0.243526 143.287491 0.363086  0.344252 
208 19.940014 0.247022 0.245266 144.309982 0.365376  0.346312 
209 20.132206 0.248762 0.247004 145.288177 0.367716  0.348363 
210 20.325319 0.250562 0.248799 146.316681 0.369954  0.350477 
211 20.519354 0.252312 0.250540 147.358170 0.372262  0.352523 
212 20.714312 0.254064 0.252288 148.378754 0.374607  0.354572 
213 20.910191 0.255835 0.254056 149.397842 0.376830  0.356640 
214 21.106991 0.257522 0.255737 150.372955 0.379146  0.358601 
215 21.304714 0.259373 0.257585 151.397476 0.381284  0.360753 
216 21.503359 0.261035 0.259242 152.345078 0.383403  0.362677 
217 21.702925 0.262712 0.260916 153.292465 0.385529  0.364617 
218 21.903412 0.264384 0.262584 154.242340 0.387750  0.366546 
219 22.104822 0.266111 0.264310 155.227890 0.389900  0.368538 
220 22.307154 0.267788 0.265978 156.187210 0.392079  0.370458 
221 22.510406 0.269513 0.267696 157.170135 0.394189  0.372432 
222 22.714581 0.271207 0.269384 158.139908 0.396161  0.374366 
223 22.919678 0.272804 0.270970 159.078018 0.398150  0.376180 
224 23.125696 0.274441 0.272600 160.004364 0.400245  0.378040 
225 23.332636 0.276108 0.274262 160.973129 0.402205  0.379933 
226 23.540499 0.277652 0.275802 161.847885 0.404199  0.381684 
227 23.749283 0.279321 0.277465 162.798294 0.406067  0.383570 
228 23.958988 0.280881 0.279021 163.679016 0.407903  0.385331 
229 24.169615 0.282417 0.280552 164.550156 0.409992  0.387059 
230 24.381165 0.284058 0.282189 165.495453 0.411892  0.388905 
231 24.593636 0.285589 0.283713 166.400864 0.413861  0.390619 
232 24.807028 0.287139 0.285261 167.267120 0.415768  0.392356 
233 25.021343 0.288702 0.286816 168.153763 0.417574  0.394099 
234 25.236580 0.290219 0.288329 169.012253 0.419516  0.395790 
235 25.452738 0.291905 0.290010 169.970169 0.421463  0.397667 
236 25.669817 0.293482 0.291579 170.885422 0.423328  0.399414 
237 25.887819 0.295008 0.293102 171.749435 0.425033  0.401105 
238 26.106743 0.296452 0.294538 172.581940 0.426801  0.402699 
239 26.326588 0.297906 0.295989 173.420181 0.428561  0.404305 
240 26.547356 0.299425 0.297505 174.260864 0.430397  0.405981 
241 26.769045 0.300951 0.299030 175.134781 0.432111  0.407662 
242 26.991655 0.302363 0.300440 175.935699 0.433821  0.409214 
243 27.215187 0.303843 0.301915 176.768707 0.435612  0.410835 
244 27.439642 0.305265 0.303336 177.587036 0.437258  0.412393 
245 27.665018 0.306636 0.304701 178.373169 0.439016  0.413888 
246 27.891315 0.308167 0.306232 179.237686 0.440765  0.415560 
247 28.118534 0.309609 0.307669 180.047592 0.442469  0.417127 
248 28.346676 0.311052 0.309115 180.851624 0.444258  0.418702 
249 28.575739 0.312622 0.310682 181.719452 0.446016  0.420404 
250 28.805723 0.314090 0.312148 182.533585 0.447559  0.421994 
251 29.036631 0.315418 0.313471 183.287766 0.449155  0.423426 
252 29.268459 0.316820 0.314867 184.137756 0.450854  0.424935 
253 29.501209 0.318296 0.316338 184.985062 0.452468  0.426522 
254 29.734880 0.319700 0.317739 185.800873 0.454070  0.428030 
255 29.969475 0.321088 0.319124 186.589096 0.455674  0.429519 
256 30.204990 0.322476 0.320510 187.364426 0.457281  0.431006 
257 30.441427 0.323801 0.321832 188.124405 0.458866  0.432422 
258 30.678787 0.325194 0.323221 188.916107 0.460512  0.433907 
259 30.917068 0.326609 0.324633 189.724274 0.461997  0.435414 
260 31.156271 0.327858 0.325879 190.422592 0.463514  0.436742 
261 31.396395 0.329195 0.327213 191.169983 0.465025  0.438161 
262 31.637442 0.330557 0.328570 191.923264 0.466595  0.439602 
263 31.879410 0.331928 0.329939 192.698532 0.468158  0.441054 
264 32.122299 0.333337 0.331345 193.501495 0.469604  0.442541 
265 32.366112 0.334604 0.332608 194.208694 0.471051  0.443876 
266 32.610844 0.335888 0.333890 194.928909 0.472564  0.445229 
267 32.856499 0.337259 0.335255 195.713608 0.474105  0.446667 
268 33.103077 0.338617 0.336611 196.495117 0.475539  0.448092 
269 33.350574 0.339908 0.337900 197.231598 0.477097  0.449445 
270 33.598995 0.341274 0.339264 198.022873 0.478503  0.450874 
271 33.848339 0.342476 0.340462 198.672226 0.479983  0.452128 
272 34.098602 0.343786 0.341770 199.413544 0.481339  0.453494 
273 34.349789 0.345072 0.343053 200.109604 0.482821  0.454832 
274 34.601898 0.346387 0.344368 200.825394 0.484209  0.456201 
275 34.854927 0.347700 0.345679 201.563049 0.485629  0.457564 
276 35.108879 0.349054 0.347029 202.318039 0.486997  0.458965 
277 35.363750 0.350301 0.348274 203.015640 0.488389  0.460255 
278 35.619545 0.351592 0.349562 203.733795 0.489770  0.461588 
279 35.876263 0.352861 0.350831 204.437332 0.491139  0.462898 
280 36.133900 0.354157 0.352120 205.185471 0.492468  0.464227 
281 36.392460 0.355401 0.353362 205.884293 0.493768  0.465506 
282 36.651943 0.356610 0.354567 206.546173 0.495049  0.466744 
283 36.912346 0.357864 0.355817 207.251999 0.496473  0.468028 
284 37.173672 0.359133 0.357084 207.971848 0.497873  0.469327 
285 37.435921 0.360390 0.358339 208.680679 0.499110  0.470611 
286 37.699089 0.361531 0.359476 209.334457 0.500400  0.471772 
287 37.963181 0.362734 0.360676 209.995163 0.501669  0.472996 
288 38.228191 0.363945 0.361881 210.675430 0.502951  0.474224 
289 38.494125 0.365171 0.363103 211.364044 0.504183  0.475468 
290 38.760983 0.366364 0.364292 212.046219 0.505548  0.476675 
291 39.028759 0.367612 0.365537 212.725159 0.506809  0.477938 
292 39.297459 0.368771 0.366699 213.366333 0.508026  0.479114 
293 39.567081 0.369931 0.367856 213.990891 0.509240  0.480285 
294 39.837624 0.371065 0.368990 214.631302 0.510500  0.481429 
295 40.109089 0.372258 0.370182 215.299911 0.511756  0.482631 
296 40.381477 0.373404 0.371325 215.927963 0.512889  0.483782 
297 40.654785 0.374568 0.372488 216.583145 0.514029  0.484952 
298 40.929016 0.375692 0.373610 217.221115 0.515282  0.486079 
299 41.204170 0.376886 0.374802 217.856186 0.516963  0.487273 
300 41.480244 0.378679 0.376591 218.806915 0.518882  0.489064 
301 41.757240 0.380635 0.378546 219.840652 0.520599  0.491017 
302 42.035156 0.382374 0.380284 220.782578 0.522381  0.492748 
303 42.313995 0.384233 0.382139 221.774963 0.524169  0.494592 
304 42.593758 0.386048 0.383948 222.726364 0.525953  0.496387 
305 42.874439 0.387936 0.385831 223.735611 0.527590  0.498250 
306 43.156044 0.389700 0.387589 224.684357 0.529404  0.499986 
307 43.438572 0.391581 0.389465 225.686401 0.531021  0.501835 
308 43.722019 0.393279 0.391160 226.598557 0.532775  0.503502 
309 44.006390 0.395152 0.393028 227.593811 0.534496  0.505335 
310 44.291683 0.396963 0.394831 228.579071 0.536217  0.507099 
311 44.577896 0.398765 0.396632 229.498779 0.537901  0.508859 
312 44.865032 0.400571 0.398431 230.461365 0.539488  0.510611 
313 45.153088 0.402238 0.400095 231.324539 0.541116  0.512231 
314 45.442066 0.404021 0.401877 232.266144 0.542740  0.513960 
315 45.731968 0.405795 0.403643 233.232864 0.544348  0.515670 
316 46.022789 0.407554 0.405397 234.180801 0.545886  0.517365 
317 46.314533 0.409241 0.407079 235.090958 0.547385  0.518987 
318 46.607201 0.410854 0.408688 235.943649 0.548917  0.520536 
319 46.900787 0.412519 0.410350 236.809418 0.550597  0.522134 
320 47.195297 0.414365 0.412191 237.802841 0.552218  0.523899 
321 47.490730 0.416086 0.413908 238.702988 0.553849  0.525541 
322 47.787083 0.417864 0.415682 239.649567 0.555281  0.527235 
323 48.084358 0.419434 0.417246 240.495239 0.556799  0.528724 
324 48.382557 0.421002 0.418809 241.318344 0.558139  0.530212 
325 48.681675 0.422501 0.420305 242.124054 0.559666  0.531631 
326 48.981716 0.424176 0.421974 243.012833 0.561095  0.533212 
327 49.282677 0.425801 0.423594 243.857941 0.562552  0.534744 
328 49.584560 0.427369 0.425158 244.675476 0.564030  0.536221 
329 49.887367 0.429031 0.426814 245.563736 0.565461  0.537780 
330 50.191093 0.430562 0.428342 246.346497 0.566907  0.539218 
331 50.495743 0.432101 0.429877 247.160782 0.568288  0.540658 
332 50.801315 0.433581 0.431352 247.943436 0.569616  0.542040 
333 51.107807 0.435063 0.432833 248.717178 0.570873  0.543425 
334 51.415222 0.436478 0.434244 249.467102 0.572274  0.544742 
335 51.723560 0.438079 0.435843 250.315857 0.573591  0.546233 
336 52.032818 0.439560 0.437318 251.111420 0.575008  0.547605 
337 52.342999 0.441173 0.438927 251.959732 0.576349  0.549099 
338 52.654099 0.442724 0.440475 252.785385 0.577755  0.550534 
339 52.966122 0.444306 0.442053 253.580368 0.579079  0.551994 
340 53.279068 0.445774 0.443517 254.355301 0.580403  0.553346 
341 53.592934 0.447215 0.444956 255.099884 0.581594  0.554673 
342 53.907722 0.448659 0.446393 255.888992 0.582829  0.555995 
343 54.223434 0.450093 0.447821 256.635803 0.584089  0.557308 
344 54.540066 0.451515 0.449239 257.397186 0.585310  0.558608 
345 54.857620 0.452922 0.450643 258.153992 0.586592  0.559894 
346 55.176098 0.454422 0.452138 258.936096 0.587834  0.561261 
347 55.495495 0.455805 0.453518 259.655670 0.588983  0.562521 
348 55.815815 0.457135 0.454845 260.360229 0.590199  0.563730 
349 56.137058 0.458523 0.456230 261.085541 0.591398  0.564990 
350 56.459221 0.459942 0.457646 261.845917 0.592703  0.566277 
351 56.782307 0.461449 0.459149 262.630920 0.593902  0.567640 
352 57.106312 0.462842 0.460537 263.355865 0.594977  0.568896 
353 57.431240 0.464104 0.461795 264.024323 0.596021  0.570033 
354 57.757092 0.465419 0.463105 264.726532 0.597158  0.571216 
355 58.083862 0.466751 0.464432 265.435699 0.598375  0.572412 
356 58.411556 0.468209 0.465887 266.189789 0.599461  0.573721 
357 58.740173 0.469515 0.467188 266.910095 0.600597  0.574889 
358 59.069710 0.470832 0.468505 267.583679 0.601724  0.576070 
359 59.400169 0.472191 0.469859 268.297119 0.602826  0.577283 
360 59.731552 0.473489 0.471154 268.971466 0.603873  0.578441 
361 60.063854 0.474775 0.472436 269.641632 0.605004  0.579586 
362 60.397079 0.476103 0.473761 270.334900 0.606123  0.580767 
363 60.731224 0.477461 0.475116 271.040710 0.607141  0.581973 
364 61.066292 0.478697 0.476347 271.695801 0.608209  0.583067 
365 61.402283 0.479995 0.477641 272.377869 0.609354  0.584215 
366 61.739193 0.481373 0.479015 273.084106 0.610374  0.585433 
367 62.077026 0.482625 0.480264 273.758026 0.611408  0.586538 
368 62.415783 0.483833 0.481469 274.382599 0.612426  0.587603 
369 62.755459 0.485069 0.482702 275.018066 0.613486  0.588691 
370 63.096058 0.486296 0.483926 275.654968 0.614531  0.589770 
371 63.437580 0.487541 0.485168 276.301910 0.615533  0.590862 
372 63.780022 0.488764 0.486385 276.957489 0.616522  0.591931 
373 64.123383 0.489965 0.487582 277.604797 0.617568  0.592982 
374 64.467667 0.491200 0.488814 278.224426 0.618562  0.594062 
375 64.812874 0.492423 0.490033 278.852844 0.619542  0.595128 
376 65.159004 0.493670 0.491278 279.519196 0.620628  0.596215 
377 65.506058 0.494952 0.492554 280.180969 0.621484  0.597329 
378 65.854034 0.495990 0.493591 280.708344 0.622474  0.598232 
379 66.202927 0.497211 0.494809 281.356232 0.623424  0.599292 
380 66.552742 0.498446 0.496040 282.030975 0.624303  0.600362 
381 66.903481 0.499543 0.497133 282.588989 0.625264  0.601311 
382 67.255142 0.500710 0.498298 283.194153 0.626139  0.602320 
383 67.607727 0.501877 0.499460 283.824280 0.627065  0.603326 
384 67.961227 0.503017 0.500600 284.416748 0.628005  0.604312 
385 68.315651 0.504194 0.501774 285.053101 0.628973  0.605325 
386 68.670998 0.505306 0.502884 285.601074 0.629856  0.606282 
387 69.027267 0.506446 0.504023 286.196167 0.630744  0.607263 
388 69.384460 0.507543 0.505116 286.783417 0.631685  0.608202 
389 69.742577 0.508678 0.506248 287.370056 0.632552  0.609175 
390 70.101608 0.509797 0.507362 287.949402 0.633468  0.610131 
391 70.461563 0.510952 0.508513 288.562958 0.634263  0.611117 
392 70.822441 0.511971 0.509529 289.094116 0.635212  0.611986 
393 71.184242 0.513167 0.510722 289.705841 0.635998  0.613005 
394 71.546967 0.514189 0.511740 290.252747 0.636848  0.613875 
395 71.910606 0.515242 0.512789 290.809753 0.637728  0.614769 
396 72.275169 0.516278 0.513824 291.344513 0.638547  0.615650 
397 72.640656 0.517312 0.514854 291.895691 0.639342  0.616526 
398 73.007065 0.518399 0.515939 292.482178 0.640158  0.617448 
399 73.374397 0.519469 0.517005 293.054932 0.640995  0.618352 
400 73.742653 0.520541 0.518074 293.610779 0.641798  0.619258 
401 74.111824 0.521570 0.519100 294.149353 0.642680  0.620127 
402 74.481918 0.522725 0.520252 294.752686 0.643532  0.621101 
403 74.852936 0.523754 0.521279 295.267761 0.644312  0.621968 
404 75.224876 0.524771 0.522292 295.803986 0.645088  0.622823 
405 75.597740 0.525783 0.523301 296.339783 0.645877  0.623673 
406 75.971519 0.526850 0.524366 296.907349 0.646713  0.624569 
407 76.346222 0.527959 0.525470 297.490387 0.647494  0.625497 
408 76.721848 0.528966 0.526474 298.003479 0.648264  0.626339 
409 77.098396 0.529947 0.527449 298.513062 0.648997  0.627157 
410 77.475868 0.530929 0.528428 299.023895 0.649767  0.627977 
411 77.854263 0.531965 0.529459 299.568878 0.650496  0.628840 
412 78.233574 0.532968 0.530459 300.096924 0.651324  0.629676 
413 78.613808 0.534018 0.531506 300.654694 0.652028  0.630550 
414 78.994965 0.534986 0.532471 301.163910 0.652858  0.631355 
415 79.377045 0.536042 0.533523 301.709991 0.653594  0.632230 
416 79.760048 0.537015 0.534492 302.226349 0.654396  0.633037 
417 80.143974 0.538032 0.535506 302.738312 0.655082  0.633879 
418 80.528816 0.538951 0.536421 303.229034 0.655792  0.634640 
419 80.914581 0.539917 0.537386 303.723145 0.656519  0.635440 
420 81.301270 0.540873 0.538339 304.226013 0.657266  0.636229 
421 81.688881 0.541829 0.539296 304.714355 0.658035  0.637021 
422 82.077415 0.542819 0.540283 305.235046 0.658714  0.637837 
423 82.466866 0.543753 0.541211 305.739777 0.659398  0.638603 
424 82.857239 0.544688 0.542142 306.239594 0.660071  0.639371 
425 83.248535 0.545595 0.543047 306.736511 0.660758  0.640117 
426 83.640755 0.546551 0.543999 307.246368 0.661513  0.640901 
427 84.033897 0.547565 0.545012 307.765015 0.662204  0.641734 
428 84.427963 0.548507 0.545954 308.243683 0.662857  0.642507 
429 84.822945 0.549388 0.546832 308.711670 0.663576  0.643228 
430 85.218849 0.550351 0.547793 309.205048 0.664274  0.644016 
431 85.615677 0.551275 0.548713 309.692810 0.664889  0.644769 
432 86.013428 0.552079 0.549512 310.116180 0.665570  0.645423 
433 86.412102 0.553015 0.550443 310.611481 0.666173  0.646184 
434 86.811691 0.553865 0.551288 311.067413 0.666851  0.646874 
435 87.212204 0.554794 0.552215 311.555359 0.667515  0.647631 
436 87.613640 0.555723 0.553141 312.047058 0.668132  0.648385 
437 88.015999 0.556536 0.553949 312.480682 0.668820  0.649043 
438 88.419281 0.557480 0.554888 312.985107 0.669405  0.649807 
439 88.823486 0.558300 0.555705 313.432434 0.670021  0.650470 
440 89.228607 0.559191 0.556592 313.911957 0.670663  0.651190 
441 89.634651 0.560074 0.557472 314.360626 0.671250  0.651904 
442 90.041618 0.560899 0.558295 314.797943 0.671885  0.652571 
443 90.449509 0.561705 0.559098 315.213135 0.672536  0.653221 
444 90.858322 0.562578 0.559968 315.656769 0.673193  0.653925 
445 91.268051 0.563437 0.560824 316.105835 0.673824  0.654617 
446 91.678703 0.564320 0.561704 316.572571 0.674521  0.655327 
447 92.090279 0.565235 0.562616 317.038025 0.675144  0.656063 
448 92.502777 0.566099 0.563477 317.492767 0.675728  0.656756 
449 92.916199 0.566914 0.564289 317.921875 0.676388  0.657409 
450 93.330544 0.567831 0.565201 318.406372 0.677110  0.658143 
451 93.745804 0.568758 0.566123 318.880463 0.677660  0.658884 
452 94.161987 0.569562 0.566922 319.318542 0.678212  0.659525 
453 94.579094 0.570355 0.567711 319.752899 0.678816  0.660158 
454 94.997124 0.571185 0.568537 320.185944 0.679406  0.660820 
455 95.416077 0.572012 0.569361 320.635559 0.679996  0.661480 
456 95.835945 0.572803 0.570152 321.035400 0.680580  0.662112 
457 96.256737 0.573674 0.571018 321.516205 0.681214  0.662804 
458 96.678452 0.574541 0.571882 321.964325 0.681813  0.663493 
459 97.101089 0.575344 0.572682 322.362274 0.682372  0.664132 
460 97.524651 0.576164 0.573498 322.809174 0.682958  0.664782 
461 97.949135 0.577008 0.574338 323.270691 0.683445  0.665451 
462 98.374535 0.577770 0.575096 323.690887 0.683983  0.666054 
463 98.800858 0.578574 0.575895 324.118652 0.684509  0.666689 
464 99.228104 0.579333 0.576652 324.522766 0.685075  0.667290 
465 99.656273 0.580093 0.577410 324.901550 0.685592  0.667892 
466 100.085365 0.580854 0.578168 325.322968 0.686154  0.668492 
467 100.515381 0.581655 0.578967 325.741577 0.686768  0.669125 
468 100.946312 0.582490 0.579798 326.160461 0.687290  0.669783 
469 101.378166 0.583271 0.580577 326.581482 0.687807  0.670399 
470 101.810944 0.583992 0.581293 326.964905 0.688358  0.670965 
471 102.244644 0.584768 0.582066 327.364746 0.688907  0.671575 
472 102.679268 0.585538 0.582831 327.772125 0.689448  0.672179 
473 103.114807 0.586307 0.583597 328.174103 0.689938  0.672783 
474 103.551270 0.587023 0.584311 328.544708 0.690461  0.673345 
475 103.988655 0.587782 0.585066 328.948456 0.690953  0.673938 
476 104.426964 0.588515 0.585795 329.341858 0.691470  0.674512 
477 104.866196 0.589240 0.586518 329.734406 0.691982  0.675080 
478 105.306351 0.589932 0.587207 330.085327 0.692528  0.675621 
479 105.747421 0.590645 0.587918 330.455261 0.692979  0.676178 
480 106.189415 0.591359 0.588627 330.847015 0.693461  0.676735 
481 106.632332 0.592062 0.589328 331.226501 0.694013  0.677283 
482 107.076172 0.592829 0.590092 331.617554 0.694477  0.677881 
483 107.520935 0.593538 0.590796 332.010834 0.694993  0.678431 
484 107.966614 0.594254 0.591508 332.386810 0.695470  0.678988 
485 108.413216 0.594923 0.592174 332.750153 0.695967  0.679508 
486 108.860741 0.595583 0.592832 333.076477 0.696436  0.680021 
487 109.309189 0.596275 0.593519 333.451752 0.696957  0.680557 
488 109.758560 0.597020 0.594263 333.851685 0.697471  0.681137 
489 110.208855 0.597738 0.594976 334.231995 0.697986  0.681692 
490 110.660065 0.598500 0.595735 334.627258 0.698524  0.682283 
491 111.112198 0.599240 0.596471 335.012543 0.699003  0.682855 
492 111.565254 0.599873 0.597103 335.326050 0.699469  0.683345 
493 112.019234 0.600545 0.597772 335.684631 0.699940  0.683864 
494 112.474136 0.601249 0.598475 336.054047 0.700412  0.684410 
495 112.929955 0.601909 0.599132 336.399689 0.700875  0.684919 
496 113.386696 0.602574 0.599794 336.751984 0.701383  0.685431 
497 113.844360 0.603300 0.600516 337.140167 0.701887  0.685990 
498 114.302948 0.604049 0.601260 337.542755 0.702322  0.686565 
499 114.762459 0.604736 0.601943 337.910553 0.702832  0.687093 
500 115.222893 0.605471 0.602678 338.281372 0.703412  0.687661 
501 115.684242 0.606284 0.603486 338.707489 0.703850  0.688284 
502 116.146515 0.606961 0.604158 339.074097 0.704320  0.688802 
503 116.609711 0.607679 0.604874 339.453857 0.704760  0.689354 
504 117.073830 0.608352 0.605543 339.811584 0.705196  0.689869 
505 117.538872 0.609002 0.606188 340.168549 0.705589  0.690365 
506 118.004829 0.609623 0.606805 340.508881 0.706074  0.690839 
507 118.471710 0.610339 0.607519 340.878937 0.706510  0.691388 
508 118.939514 0.610994 0.608170 341.230408 0.706981  0.691887 
509 119.408241 0.611724 0.608896 341.624542 0.707453  0.692444 
510 119.877892 0.612426 0.609594 341.995056 0.707903  0.692979 
511 120.348465 0.613076 0.610240 342.351501 0.708317  0.693473 
512 120.819954 0.613673 0.610835 342.660950 0.708782  0.693929 
513 121.292366 0.614364 0.611523 343.042419 0.709262  0.694455 
514 121.765701 0.615063 0.612220 343.407257 0.709627  0.694988 
515 122.239960 0.615655 0.612808 343.740204 0.709995  0.695437 
516 122.715141 0.616250 0.613398 344.073883 0.710386  0.695887 
517 123.191246 0.616837 0.613982 344.382904 0.710785  0.696333 
518 123.668266 0.617504 0.614647 344.752197 0.711202  0.696839 
519 124.146210 0.618135 0.615274 345.083618 0.711588  0.697317 
520 124.625076 0.618734 0.615870 345.402832 0.712030  0.697771 
521 125.104866 0.619397 0.616529 345.750214 0.712446  0.698272 
522 125.585579 0.620062 0.617188 346.122345 0.712847  0.698773 
523 126.067207 0.620695 0.617820 346.466553 0.713268  0.699252 
524 126.549759 0.621328 0.618450 346.801117 0.713674  0.699731 
525 127.033234 0.621930 0.619049 347.127747 0.714104  0.700185 
526 127.517632 0.622544 0.619660 347.441925 0.714518  0.700649 
527 128.002945 0.623173 0.620287 347.774750 0.714886  0.701124 
528 128.489182 0.623733 0.620845 348.066040 0.715229  0.701546 
529 128.976349 0.624301 0.621409 348.385681 0.715601  0.701973 
530 129.464432 0.624893 0.621997 348.710663 0.715978  0.702418 
531 129.953430 0.625490 0.622591 349.026642 0.716379  0.702866 
532 130.443359 0.626130 0.623226 349.381348 0.716788  0.703346 
533 130.934204 0.626732 0.623825 349.705414 0.717224  0.703798 
534 131.425980 0.627416 0.624503 350.085938 0.717600  0.704310 
535 131.918671 0.627972 0.625056 350.377167 0.718009  0.704727 
536 132.412292 0.628632 0.625713 350.737244 0.718394  0.705221 
537 132.906830 0.629236 0.626313 351.060608 0.718780  0.705673 
538 133.402283 0.629828 0.626902 351.368652 0.719151  0.706116 
539 133.898666 0.630425 0.627495 351.705658 0.719514  0.706562 
540 134.395966 0.631000 0.628066 352.026672 0.719925  0.706991 
541 134.894196 0.631593 0.628656 352.348999 0.720330  0.707434 
542 135.393341 0.632187 0.629246 352.663452 0.720740  0.707877 
543 135.893402 0.632781 0.629838 352.975647 0.721143  0.708321 
544 136.394394 0.633412 0.630465 353.310059 0.721451  0.708791 
545 136.896301 0.633902 0.630951 353.583221 0.721816  0.709155 
546 137.399139 0.634461 0.631507 353.875977 0.722188  0.709571 
547 137.902893 0.635048 0.632090 354.196442 0.722582  0.710008 
548 138.407562 0.635674 0.632713 354.531006 0.722957  0.710473 
549 138.913162 0.636227 0.633262 354.819855 0.723336  0.710884 
550 139.419678 0.636775 0.633808 355.098114 0.723700  0.711291 
551 139.927124 0.637358 0.634387 355.412933 0.724041  0.711724 
552 140.435486 0.637882 0.634908 355.697449 0.724421  0.712112 
553 140.944778 0.638459 0.635481 356.013672 0.724763  0.712539 
554 141.454987 0.638996 0.636014 356.310028 0.725149  0.712936 
555 141.966110 0.639595 0.636609 356.625214 0.725456  0.713380 
556 142.478165 0.640126 0.637138 356.921814 0.725825  0.713773 
557 142.991135 0.640680 0.637689 357.197632 0.726211  0.714183 
558 143.505035 0.641279 0.638285 357.515930 0.726580  0.714626 
559 144.019852 0.641840 0.638843 357.827759 0.726932  0.715041 
560 144.535583 0.642381 0.639378 358.122223 0.727270  0.715438 
561 145.052246 0.642934 0.639927 358.433563 0.727679  0.715845 
562 145.569824 0.643543 0.640532 358.766510 0.728014  0.716294 
563 146.088333 0.644053 0.641038 359.032471 0.728355  0.716669 
564 146.607758 0.644581 0.641564 359.324554 0.728679  0.717058 
565 147.128098 0.645130 0.642108 359.630768 0.729040  0.717461 
566 147.649368 0.645676 0.642652 359.914368 0.729304  0.717863 
567 148.171555 0.646144 0.643117 360.183899 0.729648  0.718207 
568 148.694672 0.646697 0.643666 360.474579 0.729967  0.718613 
569 149.218704 0.647192 0.644158 360.735046 0.730315  0.718976 
570 149.743652 0.647743 0.644706 361.024567 0.730679  0.719381 
571 150.269531 0.648301 0.645261 361.324768 0.731012  0.719791 
572 150.796326 0.648818 0.645774 361.614868 0.731387  0.720169 
573 151.324051 0.649442 0.646393 361.967468 0.731697  0.720625 
574 151.852692 0.649937 0.646885 362.230713 0.732081  0.720987 
575 152.382263 0.650497 0.647443 362.523651 0.732418  0.721398 
576 152.912750 0.651019 0.647960 362.803162 0.732742  0.721779 
577 153.444153 0.651538 0.648476 363.088196 0.733087  0.722158 
578 153.976486 0.652058 0.648993 363.362793 0.733430  0.722538 
579 154.509735 0.652533 0.649465 363.607147 0.733716  0.722885 
580 155.043915 0.653033 0.649959 363.889221 0.734053  0.723248 
581 155.579010 0.653569 0.650492 364.186005 0.734350  0.723639 
582 156.115021 0.654040 0.650960 364.453644 0.734689  0.723982 
583 156.651962 0.654554 0.651471 364.728607 0.735036  0.724357 
584 157.189819 0.655146 0.652058 365.062958 0.735326  0.724787 
585 157.728607 0.655658 0.652567 365.359131 0.735647  0.725159 
586 158.268311 0.656187 0.653091 365.656128 0.735918  0.725543 
587 158.808929 0.656702 0.653600 365.960419 0.736253  0.725915 
588 159.350479 0.657233 0.654128 366.247131 0.736560  0.726301 
589 159.892944 0.657697 0.654587 366.501953 0.736858  0.726636 
590 160.436340 0.658172 0.655059 366.762299 0.737142  0.726981 
591 160.980652 0.658626 0.655510 367.008514 0.737398  0.727310 
592 161.525894 0.659034 0.655913 367.237732 0.737690  0.727605 
593 162.072052 0.659490 0.656368 367.478851 0.737970  0.727936 
594 162.619125 0.659978 0.656853 367.755585 0.738270  0.728289 
595 163.167130 0.660475 0.657345 368.029572 0.738559  0.728648 
596 163.716049 0.660912 0.657778 368.260223 0.738856  0.728964 
597 164.265900 0.661351 0.658215 368.483276 0.739137  0.729282 
598 164.816666 0.661824 0.658686 368.739563 0.739421  0.729624 
599 165.368347 0.662292 0.659149 369.008728 0.739707  0.729961 
600 165.920959 0.662739 0.659594 369.243256 0.739970  0.730285 
601 166.474487 0.663219 0.660070 369.522400 0.740307  0.730630 
602 167.028946 0.663741 0.660589 369.803040 0.740584  0.731007 
603 167.584320 0.664161 0.661007 370.017456 0.740897  0.731310 
604 168.140610 0.664668 0.661509 370.292786 0.741187  0.731675 
605 168.697830 0.665117 0.661955 370.531921 0.741501  0.731998 
606 169.255966 0.665571 0.662407 370.768372 0.741814  0.732326 
607 169.815033 0.666051 0.662884 371.029510 0.742146  0.732671 
608 170.375015 0.666541 0.663371 371.285767 0.742439  0.733024 
609 170.935913 0.666993 0.663819 371.531342 0.742729  0.733348 
610 171.497742 0.667434 0.664257 371.761597 0.742997  0.733665 
611 172.060486 0.667915 0.664735 372.034058 0.743277  0.734010 
612 172.624161 0.668354 0.665173 372.271973 0.743572  0.734327 
613 173.188751 0.668827 0.665644 372.525116 0.743861  0.734667 
614 173.754272 0.669288 0.666103 372.771484 0.744150  0.734998 
615 174.320709 0.669715 0.666527 372.997894 0.744436  0.735305 
616 174.888062 0.670188 0.666996 373.257324 0.744776  0.735643 
617 175.456345 0.670686 0.667493 373.509064 0.745060  0.736001 
618 176.025543 0.671120 0.667925 373.735992 0.745333  0.736312 
619 176.595673 0.671533 0.668336 373.961639 0.745620  0.736609 
620 177.166718 0.671991 0.668791 374.206848 0.745908  0.736936 
621 177.738678 0.672474 0.669270 374.465057 0.746227  0.737281 
622 178.311569 0.672962 0.669754 374.727722 0.746554  0.737628 
623 178.885376 0.673450 0.670239 374.978729 0.746804  0.737977 
624 179.460114 0.673877 0.670664 375.220612 0.747110  0.738283 
625 180.035767 0.674362 0.671145 375.494598 0.747340  0.738628 
626 180.612335 0.674796 0.671575 375.747162 0.747611  0.738937 
627 181.189835 0.675204 0.671980 375.956970 0.747891  0.739227 
628 181.768250 0.675655 0.672428 376.198975 0.748181  0.739549 
629 182.347595 0.676128 0.672899 376.448730 0.748466  0.739886 
630 182.927856 0.676585 0.673350 376.694672 0.748748  0.740209 
631 183.509033 0.677053 0.673814 376.951050 0.749020  0.740542 
632 184.091141 0.677502 0.674260 377.196320 0.749311  0.740861 
633 184.674164 0.677987 0.674741 377.460724 0.749613  0.741205 
634 185.258118 0.678472 0.675224 377.715424 0.749878  0.741551 
635 185.842987 0.678895 0.675643 377.941895 0.750172  0.741850 
636 186.428787 0.679343 0.676089 378.183838 0.750434  0.742169 
637 187.015503 0.679775 0.676517 378.421753 0.750726  0.742475 
638 187.603134 0.680249 0.676986 378.679016 0.750996  0.742809 
639 188.191696 0.680712 0.677447 378.931915 0.751210  0.743138 
640 188.781174 0.681127 0.677858 379.165741 0.751485  0.743432 
641 189.371582 0.681556 0.678285 379.396973 0.751785  0.743736 
642 189.962906 0.682008 0.678737 379.623688 0.752039  0.744058 
643 190.555145 0.682418 0.679146 379.844025 0.752305  0.744349 
644 191.148315 0.682862 0.679588 380.081024 0.752590  0.744664 
645 191.742401 0.683313 0.680037 380.323456 0.752857  0.744984 
646 192.337418 0.683726 0.680447 380.546295 0.753126  0.745275 
647 192.933350 0.684199 0.680917 380.807037 0.753353  0.745609 
648 193.530197 0.684575 0.681289 381.013611 0.753615  0.745873 
649 194.127975 0.685014 0.681723 381.262024 0.753917  0.746182 
650 194.726669 0.685480 0.682185 381.507385 0.754155  0.746510 
651 195.326294 0.685895 0.682597 381.742615 0.754449  0.746802 
652 195.926834 0.686359 0.683057 381.993164 0.754738  0.747128 
653 196.528305 0.686834 0.683529 382.246399 0.755004  0.747463 
654 197.130692 0.687268 0.683959 382.481964 0.755271  0.747768 
655 197.733994 0.687657 0.684345 382.684570 0.755543  0.748042 
656 198.338226 0.688089 0.684773 382.917145 0.755785  0.748345 
657 198.943375 0.688489 0.685171 383.141693 0.756060  0.748626 
658 199.549454 0.688899 0.685578 383.362213 0.756255  0.748914 
659 200.156448 0.689270 0.685946 383.582550 0.756524  0.749175 
660 200.764359 0.689717 0.686391 383.817871 0.756758  0.749489 
661 201.373199 0.690078 0.686750 384.006561 0.757027  0.749743 
662 201.982956 0.690522 0.687191 384.244049 0.757287  0.750054 
663 202.593643 0.690932 0.687598 384.462585 0.757483  0.750342 
664 203.205246 0.691313 0.687976 384.677673 0.757731  0.750609 
665 203.817764 0.691702 0.688360 384.894623 0.757965  0.750880 
666 204.431213 0.692100 0.688754 385.119904 0.758177  0.751157 
667 205.045578 0.692456 0.689108 385.310608 0.758407  0.751407 
668 205.660873 0.692815 0.689465 385.505035 0.758681  0.751658 
669 206.277084 0.693293 0.689939 385.776337 0.758896  0.751992 
670 206.894211 0.693602 0.690245 385.932739 0.759160  0.752208 
671 207.512268 0.694034 0.690674 386.163086 0.759388  0.752510 
672 208.131241 0.694424 0.691061 386.386841 0.759595  0.752782 
673 208.751144 0.694786 0.691419 386.584259 0.759828  0.753034 
674 209.371964 0.695181 0.691814 386.798187 0.760033  0.753311 
675 209.993713 0.695511 0.692141 386.976318 0.760256  0.753542 
676 210.616379 0.695895 0.692523 387.183777 0.760490  0.753810 
677 211.239960 0.696256 0.692882 387.383636 0.760697  0.754061 
678 211.864471 0.696593 0.693217 387.560974 0.760936  0.754297 
679 212.489899 0.696948 0.693570 387.741302 0.761170  0.754544 
680 213.116257 0.697326 0.693944 387.954132 0.761355  0.754807 
681 213.743530 0.697630 0.694245 388.118835 0.761578  0.755018 
682 214.371719 0.697991 0.694605 388.310211 0.761758  0.755270 
683 215.000839 0.698348 0.694959 388.519775 0.761973  0.755518 
684 215.630875 0.698712 0.695320 388.720001 0.762154  0.755772 
685 216.261841 0.699022 0.695630 388.886017 0.762356  0.755988 
686 216.893723 0.699384 0.695988 389.093597 0.762591  0.756239 
687 217.526520 0.699753 0.696354 389.290161 0.762791  0.756495 
688 218.160248 0.700107 0.696704 389.496155 0.763025  0.756740 
689 218.794891 0.700464 0.697058 389.684753 0.763226  0.756988 
690 219.430466 0.700799 0.697390 389.866211 0.763418  0.757220 
691 220.066956 0.701099 0.697689 390.025787 0.763605  0.757429 
692 220.704376 0.701383 0.697971 390.171570 0.763818  0.757626 
693 221.342712 0.701733 0.698318 390.355347 0.764011  0.757868 
694 221.981964 0.702051 0.698634 390.529846 0.764190  0.758088 
695 222.622147 0.702342 0.698924 390.683075 0.764391  0.758291 
696 223.263245 0.702686 0.699265 390.876465 0.764574  0.758529 
697 223.905273 0.702992 0.699568 391.048096 0.764777  0.758740 
698 224.548218 0.703334 0.699907 391.232941 0.764982  0.758976 
699 225.192078 0.703662 0.700231 391.413849 0.765191  0.759202 
700 225.836868 0.704036 0.700603 391.626251 0.765373  0.759461 
701 226.482574 0.704346 0.700910 391.796753 0.765590  0.759675 
702 227.129211 0.704700 0.701260 391.992157 0.765741  0.759919 
703 227.776764 0.704972 0.701528 392.144226 0.765892  0.760106 
704 228.425232 0.705225 0.701777 392.290558 0.766070  0.760279 
705 229.074631 0.705516 0.702065 392.453400 0.766232  0.760479 
706 229.724945 0.705817 0.702362 392.631470 0.766413  0.760686 
707 230.376190 0.706134 0.702677 392.815338 0.766605  0.760904 
708 231.028351 0.706455 0.702994 392.991241 0.766793  0.761125 
709 231.681427 0.706765 0.703302 393.171509 0.766979  0.761339 
710 232.335434 0.707095 0.703629 393.360962 0.767157  0.761566 
711 232.990356 0.707374 0.703905 393.520599 0.767326  0.761758 
712 233.646210 0.707666 0.704195 393.678040 0.767492  0.761959 
713 234.302979 0.707954 0.704480 393.847900 0.767659  0.762157 
714 234.960678 0.708253 0.704776 394.018005 0.767809  0.762362 
715 235.619293 0.708478 0.705000 394.140137 0.767946  0.762518 
716 236.278824 0.708733 0.705252 394.292694 0.768154  0.762692 
717 236.939285 0.709080 0.705596 394.490204 0.768338  0.762931 
718 237.600662 0.709362 0.705875 394.641296 0.768514  0.763124 
719 238.262970 0.709682 0.706193 394.821442 0.768672  0.763344 
720 238.926193 0.709963 0.706470 394.985748 0.768832  0.763536 
721 239.590332 0.710252 0.706757 395.151276 0.769004  0.763735 
722 240.255402 0.710536 0.707038 395.307343 0.769165  0.763930 
723 240.921387 0.710810 0.707310 395.459686 0.769292  0.764117 
724 241.588303 0.711053 0.707550 395.602600 0.769456  0.764284 
725 242.256134 0.711366 0.707859 395.790100 0.769621  0.764497 
726 242.924881 0.711657 0.708149 395.947266 0.769815  0.764698 
727 243.594559 0.711987 0.708475 396.127899 0.769978  0.764923 
728 244.265152 0.712244 0.708729 396.271118 0.770142  0.765099 
729 244.936676 0.712502 0.708985 396.412354 0.770309  0.765275 
730 245.609116 0.712766 0.709248 396.546234 0.770466  0.765457 
731 246.282471 0.713062 0.709542 396.716644 0.770631  0.765660 
732 246.956757 0.713373 0.709850 396.897644 0.770787  0.765872 
733 247.631958 0.713661 0.710135 397.064941 0.770931  0.766069 
734 248.308090 0.713911 0.710382 397.207184 0.771103  0.766239 
735 248.985138 0.714190 0.710659 397.358490 0.771258  0.766431 
736 249.663116 0.714469 0.710936 397.516266 0.771426  0.766621 
737 250.342010 0.714724 0.711187 397.653870 0.771548  0.766795 
738 251.021820 0.714960 0.711420 397.793182 0.771710  0.766955 
739 251.702560 0.715241 0.711699 397.954620 0.771857  0.767147 
740 252.384216 0.715474 0.711930 398.082733 0.771996  0.767307 
741 253.066803 0.715700 0.712154 398.203522 0.772132  0.767461 
742 253.750305 0.715933 0.712383 398.340271 0.772238  0.767618 
743 254.434723 0.716166 0.712613 398.481689 0.772371  0.767777 
744 255.120071 0.716432 0.712879 398.640015 0.772522  0.767959 
745 255.806335 0.716709 0.713153 398.801788 0.772654  0.768148 
746 256.493530 0.716944 0.713387 398.929688 0.772794  0.768309 
747 257.181641 0.717192 0.713632 399.074768 0.772933  0.768477 
748 257.870667 0.717447 0.713884 399.221222 0.773068  0.768650 
749 258.560608 0.717660 0.714096 399.328644 0.773204  0.768796 
750 259.251495 0.717888 0.714321 399.458435 0.773355  0.768951 
751 259.943298 0.718133 0.714564 399.592621 0.773483  0.769118 
752 260.636017 0.718366 0.714795 399.728668 0.773626  0.769276 
753 261.329651 0.718597 0.715024 399.853668 0.773774  0.769433 
754 262.024200 0.718823 0.715248 399.972595 0.773908  0.769587 
755 262.719696 0.719036 0.715459 400.094696 0.774038  0.769732 
756 263.416107 0.719281 0.715702 400.237152 0.774165  0.769899 
757 264.113434 0.719497 0.715916 400.356537 0.774276  0.770046 
758 264.811676 0.719689 0.716105 400.468750 0.774404  0.770175 
759 265.510834 0.719929 0.716343 400.603912 0.774571  0.770338 
760 266.210938 0.720203 0.716615 400.755829 0.774729  0.770525 
761 266.911957 0.720482 0.716894 400.908081 0.774859  0.770716 
762 267.613892 0.720715 0.717127 401.037201 0.775010  0.770876 
763 268.316742 0.720936 0.717345 401.160858 0.775161  0.771025 
764 269.020538 0.721201 0.717607 401.308899 0.775327  0.771205 
765 269.725250 0.721443 0.717848 401.438965 0.775439  0.771369 
766 270.430878 0.721681 0.718083 401.588226 0.775566  0.771530 
767 271.137421 0.721921 0.718320 401.733276 0.775660  0.771692 
768 271.844879 0.722152 0.718548 401.874207 0.775781  0.771849 
769 272.553284 0.722348 0.718742 401.984894 0.775917  0.771981 
770 273.262604 0.722569 0.718961 402.098541 0.776047  0.772131 
771 273.972839 0.722775 0.719166 402.210083 0.776184  0.772271 
772 274.683990 0.723001 0.719390 402.338257 0.776294  0.772424 
773 275.396057 0.723188 0.719575 402.447693 0.776427  0.772550 
774 276.109070 0.723428 0.719813 402.582550 0.776537  0.772713 
775 276.822998 0.723654 0.720036 402.725555 0.776660  0.772865 
776 277.537842 0.723906 0.720286 402.878418 0.776773  0.773036 
777 278.253601 0.724110 0.720487 403.000061 0.776935  0.773173 
778 278.970276 0.724362 0.720737 403.139038 0.777075  0.773344 
779 279.687897 0.724556 0.720929 403.242737 0.777200  0.773475 
780 280.406433 0.724782 0.721151 403.377777 0.777301  0.773627 
781 281.125885 0.724991 0.721356 403.510956 0.777406  0.773767 
782 281.846252 0.725165 0.721530 403.604797 0.777555  0.773885 
783 282.567535 0.725369 0.721731 403.710846 0.777672  0.774022 
784 283.289764 0.725554 0.721915 403.807678 0.777792  0.774147 
785 284.012909 0.725755 0.722115 403.916901 0.777936  0.774284 
786 284.736969 0.725971 0.722331 404.026947 0.778042  0.774431 
787 285.461945 0.726134 0.722493 404.115906 0.778151  0.774542 
788 286.187836 0.726335 0.722692 404.235474 0.778248  0.774677 
789 286.914673 0.726522 0.722879 404.342102 0.778348  0.774804 
790 287.642426 0.726706 0.723062 404.450775 0.778460  0.774929 
791 288.371094 0.726917 0.723272 404.570007 0.778572  0.775072 
792 289.100677 0.727104 0.723456 404.683350 0.778666  0.775197 
793 289.831177 0.727296 0.723646 404.798218 0.778807  0.775326 
794 290.562622 0.727500 0.723848 404.902496 0.778927  0.775464 
795 291.294983 0.727670 0.724016 404.994629 0.779024  0.775578 
796 292.028259 0.727820 0.724164 405.078644 0.779132  0.775679 
797 292.762451 0.727980 0.724324 405.154388 0.779257  0.775788 
798 293.497559 0.728196 0.724538 405.278076 0.779363  0.775933 
799 294.233612 0.728395 0.724735 405.394165 0.779477  0.776067 
800 294.970581 0.728570 0.724908 405.487396 0.779585  0.776185 
801 295.708466 0.728747 0.725084 405.585419 0.779717  0.776304 
802 296.447266 0.728936 0.725271 405.679932 0.779803  0.776432 
803 297.187012 0.729108 0.725442 405.782715 0.779909  0.776547 
804 297.927673 0.729329 0.725661 405.914276 0.779996  0.776696 
805 298.669250 0.729492 0.725822 406.013519 0.780082  0.776805 
806 299.411743 0.729676 0.726004 406.131775 0.780191  0.776929 
807 300.155151 0.729873 0.726198 406.243561 0.780317  0.777061 
808 300.899506 0.730072 0.726396 406.354980 0.780410  0.777195 
809 301.644775 0.730244 0.726566 406.461060 0.780548  0.777311 
810 302.390961 0.730438 0.726758 406.565002 0.780666  0.777441 
811 303.138062 0.730627 0.726946 406.670807 0.780749  0.777568 
812 303.886078 0.730790 0.727105 406.774719 0.780846  0.777676 
813 304.635040 0.730970 0.727283 406.881165 0.780971  0.777797 
814 305.384918 0.731198 0.727508 407.019440 0.781086  0.777949 
815 306.135712 0.731377 0.727686 407.116180 0.781181  0.778070 
816 306.887421 0.731540 0.727847 407.209259 0.781297  0.778179 
817 307.640045 0.731698 0.728003 407.288025 0.781404  0.778285 
818 308.393616 0.731867 0.728170 407.383209 0.781494  0.778398 
819 309.148102 0.732037 0.728340 407.477783 0.781592  0.778513 
820 309.903503 0.732195 0.728497 407.567871 0.781688  0.778619 
821 310.659821 0.732377 0.728677 407.674774 0.781811  0.778741 
822 311.417053 0.732557 0.728854 407.777283 0.781908  0.778861 
823 312.175232 0.732719 0.729015 407.872620 0.782033  0.778970 
824 312.934326 0.732887 0.729182 407.956482 0.782155  0.779083 
825 313.694336 0.733086 0.729378 408.068359 0.782266  0.779216 
826 314.455261 0.733294 0.729585 408.189636 0.782370  0.779356 
827 315.217102 0.733462 0.729751 408.286346 0.782468  0.779468 
828 315.979889 0.733648 0.729936 408.394928 0.782556  0.779593 
829 316.743591 0.733804 0.730090 408.483582 0.782648  0.779697 
830 317.508209 0.733976 0.730261 408.583313 0.782765  0.779813 
831 318.273743 0.734182 0.730466 408.699463 0.782867  0.779951 
832 319.040192 0.734352 0.730634 408.795441 0.782953  0.780065 
833 319.807587 0.734498 0.730779 408.874664 0.783042  0.780163 
834 320.575897 0.734711 0.730993 408.997375 0.783145  0.780308 
835 321.345123 0.734886 0.731166 409.094055 0.783252  0.780424 
836 322.115265 0.735068 0.731346 409.195526 0.783363  0.780546 
837 322.886322 0.735231 0.731507 409.284760 0.783484  0.780655 
838 323.658325 0.735432 0.731708 409.392853 0.783585  0.780791 
839 324.431244 0.735599 0.731874 409.482758 0.783663  0.780903 
840 325.205078 0.735743 0.732015 409.565613 0.783750  0.780998 
841 325.979828 0.735915 0.732187 409.668213 0.783836  0.781114 
842 326.755493 0.736085 0.732354 409.773987 0.783973  0.781226 
843 327.532104 0.736305 0.732573 409.894012 0.784101  0.781374 
844 328.309631 0.736492 0.732759 409.998688 0.784201  0.781499 
845 329.088074 0.736655 0.732920 410.089447 0.784289  0.781608 
846 329.867432 0.736805 0.733068 410.174927 0.784376  0.781708 
847 330.647736 0.736965 0.733226 410.264740 0.784506  0.781814 
848 331.428955 0.737155 0.733414 410.365845 0.784592  0.781941 
849 332.211090 0.737283 0.733542 410.432129 0.784680  0.782027 
850 332.994141 0.737441 0.733698 410.525024 0.784777  0.782133 
851 333.778107 0.737577 0.733833 410.604645 0.784860  0.782223 
852 334.563019 0.737713 0.733968 410.679016 0.784988  0.782314 
853 335.348846 0.737892 0.734145 410.772491 0.785084  0.782434 
854 336.135590 0.738072 0.734323 410.877258 0.785191  0.782554 
855 336.923248 0.738261 0.734512 410.988556 0.785294  0.782681 
856 337.711823 0.738431 0.734682 411.080444 0.785404  0.782795 
857 338.501343 0.738589 0.734838 411.164734 0.785486  0.782900 
858 339.291779 0.738756 0.735004 411.263031 0.785578  0.783011 
859 340.083130 0.738912 0.735157 411.354553 0.785666  0.783115 
860 340.875397 0.739062 0.735306 411.433533 0.785745  0.783215 
861 341.668579 0.739195 0.735439 411.502686 0.785825  0.783304 
862 342.462708 0.739329 0.735571 411.582031 0.785918  0.783393 
863 343.257751 0.739494 0.735733 411.681396 0.786022  0.783502 
864 344.053711 0.739669 0.735906 411.780731 0.786106  0.783618 
865 344.850586 0.739858 0.736095 411.902588 0.786174  0.783745 
866 345.648376 0.740013 0.736248 412.001068 0.786269  0.783848 
867 346.447113 0.740190 0.736423 412.107330 0.786343  0.783966 
868 347.246765 0.740331 0.736562 412.191803 0.786416  0.784059 
869 348.047333 0.740491 0.736721 412.285065 0.786518  0.784166 
870 348.848816 0.740654 0.736882 412.372894 0.786619  0.784274 
871 349.651215 0.740867 0.737093 412.507660 0.786720  0.784415 
872 350.454559 0.741023 0.737247 412.590942 0.786811  0.784519 
873 351.258820 0.741154 0.737377 412.656860 0.786873  0.784606 
874 352.063995 0.741248 0.737471 412.709747 0.786986  0.784669 
875 352.870087 0.741413 0.737634 412.799805 0.787074  0.784779 
876 353.677094 0.741583 0.737801 412.906921 0.787136  0.784891 
877 354.485046 0.741712 0.737927 412.988190 0.787230  0.784975 
878 355.293915 0.741860 0.738077 413.071289 0.787311  0.785076 
879 356.103699 0.742005 0.738221 413.154449 0.787376  0.785173 
880 356.914398 0.742141 0.738356 413.231598 0.787481  0.785263 
881 357.726013 0.742323 0.738537 413.334534 0.787524  0.785384 
882 358.538574 0.742457 0.738668 413.427429 0.787621  0.785472 
883 359.352051 0.742600 0.738810 413.501648 0.787695  0.785567 
884 360.166443 0.742711 0.738920 413.560944 0.787781  0.785641 
885 360.981750 0.742857 0.739065 413.644104 0.787847  0.785738 
886 361.798004 0.742990 0.739197 413.726379 0.787923  0.785826 
887 362.615173 0.743122 0.739326 413.807739 0.788023  0.785913 
888 363.433258 0.743272 0.739476 413.884766 0.788106  0.786014 
889 364.252258 0.743420 0.739622 413.973816 0.788176  0.786111 
890 365.072174 0.743546 0.739748 414.047394 0.788264  0.786196 
891 365.893036 0.743692 0.739893 414.129272 0.788353  0.786293 
892 366.714813 0.743879 0.740080 414.240540 0.788442  0.786418 
893 367.537506 0.744034 0.740234 414.334076 0.788530  0.786521 
894 368.361115 0.744167 0.740367 414.409302 0.788637  0.786610 
895 369.185638 0.744352 0.740550 414.514038 0.788720  0.786732 
896 370.011108 0.744497 0.740692 414.607483 0.788782  0.786828 
897 370.837494 0.744609 0.740802 414.672424 0.788825  0.786901 
898 371.664795 0.744711 0.740904 414.733704 0.788897  0.786969 
899 372.493011 0.744835 0.741028 414.799225 0.788975  0.787052 
900 373.322144 0.744983 0.741174 414.889435 0.789059  0.787149 
901 374.152222 0.745099 0.741289 414.943542 0.789134  0.787227 
902 374.983215 0.745245 0.741433 415.026947 0.789204  0.787323 
903 375.815125 0.745349 0.741536 415.086975 0.789243  0.787392 
904 376.647949 0.745480 0.741664 415.180054 0.789342  0.787478 
905 377.481689 0.745647 0.741830 415.274841 0.789456  0.787589 
906 378.316376 0.745815 0.741997 415.364594 0.789537  0.787700 
907 379.151978 0.745965 0.742146 415.448639 0.789609  0.787799 
908 379.988495 0.746084 0.742264 415.515320 0.789671  0.787878 
909 380.825928 0.746225 0.742403 415.602081 0.789758  0.787971 
910 381.664276 0.746346 0.742524 415.669037 0.789837  0.788052 
911 382.503571 0.746455 0.742634 415.719543 0.789902  0.788125 
912 383.343781 0.746548 0.742725 415.770752 0.789963  0.788186 
913 384.184906 0.746662 0.742837 415.838379 0.790033  0.788261 
914 385.026947 0.746793 0.742966 415.914581 0.790110  0.788347 
915 385.869904 0.746941 0.743114 416.001740 0.790203  0.788445 
916 386.713806 0.747086 0.743258 416.083405 0.790285  0.788541 
917 387.558624 0.747220 0.743389 416.159302 0.790375  0.788629 
918 388.404358 0.747363 0.743531 416.241882 0.790450  0.788724 
919 389.251007 0.747499 0.743665 416.318756 0.790504  0.788813 
920 390.098572 0.747618 0.743782 416.391785 0.790571  0.788891 
921 390.947083 0.747742 0.743904 416.465332 0.790650  0.788973 
922 391.796509 0.747824 0.743986 416.502045 0.790739  0.789027 
923 392.646851 0.747972 0.744133 416.584961 0.790802  0.789125 
924 393.498108 0.748091 0.744251 416.650574 0.790877  0.789204 
925 394.350311 0.748229 0.744389 416.733643 0.790945  0.789296 
926 395.203430 0.748380 0.744537 416.829468 0.791010  0.789395 
927 396.057465 0.748494 0.744649 416.899017 0.791092  0.789469 
928 396.912415 0.748632 0.744787 416.973602 0.791181  0.789561 
929 397.768280 0.748780 0.744936 417.052338 0.791243  0.789660 
930 398.625092 0.748894 0.745049 417.117798 0.791324  0.789735 
931 399.482819 0.749062 0.745215 417.218201 0.791401  0.789846 
932 400.341461 0.749197 0.745350 417.292450 0.791481  0.789936 
933 401.201019 0.749326 0.745478 417.359314 0.791532  0.790021 
934 402.061493 0.749423 0.745574 417.418304 0.791621  0.790085 
935 402.922913 0.749559 0.745708 417.491547 0.791687  0.790175 
936 403.785248 0.749680 0.745829 417.563843 0.791755  0.790255 
937 404.648499 0.749789 0.745939 417.615814 0.791809  0.790328 
938 405.512665 0.749899 0.746047 417.681763 0.791897  0.790400 
939 406.377747 0.750027 0.746173 417.752441 0.791934  0.790484 
940 407.243774 0.750129 0.746273 417.821503 0.792025  0.790551 
941 408.110718 0.750277 0.746420 417.912048 0.792087  0.790648 
942 408.978577 0.750399 0.746540 417.989044 0.792135  0.790728 
943 409.847351 0.750496 0.746637 418.045349 0.792201  0.790792 
944 410.717041 0.750622 0.746761 418.127716 0.792260  0.790875 
945 411.587677 0.750743 0.746880 418.207123 0.792363  0.790954 
946 412.459229 0.750877 0.747012 418.275360 0.792420  0.791042 
947 413.331696 0.750983 0.747118 418.339325 0.792482  0.791113 
948 414.205078 0.751131 0.747266 418.428589 0.792558  0.791211 
949 415.079376 0.751238 0.747372 418.484406 0.792617  0.791281 
950 415.954620 0.751359 0.747492 418.560577 0.792694  0.791361 
951 416.830780 0.751478 0.747611 418.622650 0.792789  0.791440 
952 417.707855 0.751604 0.747736 418.687744 0.792855  0.791523 
953 418.585846 0.751711 0.747841 418.749603 0.792915  0.791593 
954 419.464752 0.751835 0.747963 418.824280 0.792960  0.791674 
955 420.344604 0.751939 0.748066 418.890533 0.793044  0.791742 
956 421.225372 0.752087 0.748212 418.977142 0.793111  0.791839 
957 422.107056 0.752201 0.748325 419.043610 0.793177  0.791914 
958 422.989655 0.752328 0.748450 419.124176 0.793255  0.791997 
959 423.873169 0.752444 0.748566 419.187897 0.793340  0.792074 
960 424.757629 0.752558 0.748680 419.242554 0.793399  0.792150 
961 425.643005 0.752696 0.748816 419.330841 0.793467  0.792240 
962 426.529297 0.752823 0.748942 419.403656 0.793516  0.792323 
963 427.416504 0.752927 0.749045 419.463684 0.793568  0.792392 
964 428.304657 0.753014 0.749130 419.516998 0.793629  0.792448 
965 429.193726 0.753121 0.749235 419.581299 0.793691  0.792518 
966 430.083710 0.753225 0.749339 419.636688 0.793748  0.792587 
967 430.974609 0.753337 0.749450 419.705994 0.793811  0.792660 
968 431.866425 0.753463 0.749575 419.781891 0.793871  0.792744 
969 432.759186 0.753572 0.749684 419.846344 0.793935  0.792815 
970 433.652863 0.753691 0.749802 419.914612 0.794018  0.792894 
971 434.547455 0.753793 0.749903 419.961456 0.794081  0.792961 
972 435.442963 0.753900 0.750009 420.021545 0.794132  0.793031 
973 436.339386 0.754016 0.750125 420.094391 0.794213  0.793108 
974 437.236755 0.754145 0.750253 420.164978 0.794280  0.793193 
975 438.135040 0.754269 0.750374 420.237152 0.794347  0.793273 
976 439.034241 0.754361 0.750466 420.287781 0.794399  0.793334 
977 439.934357 0.754468 0.750571 420.355804 0.794452  0.793403 
978 440.835388 0.754560 0.750663 420.406036 0.794538  0.793464 
979 441.737366 0.754708 0.750809 420.489044 0.794580  0.793561 
980 442.640259 0.754800 0.750900 420.543335 0.794653  0.793621 
981 443.544067 0.754929 0.751028 420.617645 0.794698  0.793706 
982 444.448792 0.755036 0.751133 420.688843 0.794760  0.793776 
983 445.354431 0.755152 0.751249 420.757141 0.794811  0.793853 
984 446.261017 0.755242 0.751337 420.815369 0.794875  0.793910 
985 447.168518 0.755336 0.751430 420.866211 0.794914  0.793972 
986 448.076935 0.755424 0.751516 420.920471 0.794977  0.794029 
987 448.986267 0.755535 0.751626 420.988586 0.795034  0.794102 
988 449.896515 0.755623 0.751714 421.038849 0.795086  0.794160 
989 450.807709 0.755717 0.751808 421.092621 0.795139  0.794222 
990 451.719818 0.755812 0.751901 421.149872 0.795211  0.794284 
991 452.632843 0.755921 0.752009 421.211151 0.795269  0.794356 
992 453.546783 0.756035 0.752122 421.280304 0.795332  0.794430 
993 454.461639 0.756142 0.752229 421.340881 0.795394  0.794501 
994 455.377441 0.756242 0.752327 421.399536 0.795461  0.794565 
995 456.294159 0.756341 0.752425 421.455475 0.795517  0.794630 
996 457.211792 0.756426 0.752510 421.504547 0.795581  0.794686 
997 458.130341 0.756535 0.752618 421.565582 0.795628  0.794758 
998 459.049805 0.756637 0.752718 421.630035 0.795687  0.794824 
999 459.970215 0.756754 0.752834 421.702545 0.800391  0.794901 
1000 460.891541 0.756865 0.752944 420.393555 0.800391 0.794974
